10	7941
3.06162e-16
0
-1.05209
1.32724
-0.799099
-0.0286103
0.11291
-0.0691469
-0.40434
0.298426
-0.191647
0.0940877
0.0346331
-0.0525804
0.0491753
-0.035016
0.0176448
0.0522958
-0.0388946
0.0275031
-0.0184331
0.0108606
-0.00478822
-0.00416901
0.00624473
-0.00629081
0.00551168
-0.00411126
0.00255701
-0.00104885
-0.00418545
0.00302763
-0.0022847
0.00162564
-0.00120108
0.000829268
-0.000567942
0.000347244
3.28994
-1.9004
-2.79184
-0.809781
-1.38482
-2.20642
0.435052
0.394854
0.409176
0.5396
0.0921191
0.144526
0.190636
0.247524
0.353956
-0.0531172
-0.0414206
-0.0333134
-0.0295465
-0.0301982
-0.0382419
-0.00661658
-0.01009
-0.0122518
-0.0143072
-0.0168035
-0.0205243
-0.0282319
0.00421115
0.0031405
0.00242875
0.00188861
0.00156091
0.00136187
0.00128947
0.00136151
4.97306
1.33641
-2.00694
3.51922
-0.845276
0.650387
-0.878197
-0.454856
0.650965
-1.1441
-0.0852327
0.0785768
-0.218574
-0.144222
0.300257
-0.383954
0.283594
-0.567702
0.755341
-0.742673
0.0925966
-0.0714861
0.0789543
0.0530122
-0.0604767
0.0719404
-0.0368698
0.0434675
-0.0524513
0.0756913
0.0247323
-0.0264475
0.0342473
-0.0498943
0.100407
0.00291868
0.000242972
0.0103023
0.000763707
-0.00971088
0.016454
-0.00485224
0.014614
-0.021313
0.0241428
0.0109702
-0.0253109
0.0354593
-0.0411631
0.0374057
-0.021256
0.0439297
-0.0659442
0.0832877
-0.0913512
0.0715429
-0.00650613
0.00495976
-0.0049537
-0.00369002
0.00392351
-0.00379377
0.00291154
-0.00287608
0.00310596
-0.00302474
-0.00229884
0.00240324
-0.00218355
0.00256031
-0.00254665
0.00211352
-0.00193414
0.0020741
-0.00170147
0.00221583
-0.00231692
-0.00219599
0.00230801
-0.00202319
0.00221868
-0.00153384
0.00205587
-0.00228539
-0.501014
-0.0170763
0.942148
0.0067093
0.0192469
-0.398763
0.000478152
-0.00520027
0.0074932
-0.266045
-0.000122835
-0.000223693
-1.59217e-05
-0.0119549
0.166119
-9.0959e-06
0.000189632
-0.000132166
0.00167244
-0.00100152
0.0284112
-6.21778e-05
2.3351e-05
-0.00020983
0.000169655
-0.000857355
0.00278493
-0.0251254
-3.0854e-06
5.72978e-05
-2.86957e-05
0.000166059
-0.000124047
0.000430363
-0.000542208
0.000383906
0
1.85231
0.610623
-1.36469
-0.656449
1.47286
-2.69396
-0.0415217
0.0538225
-0.0919216
0.191293
0.0796264
-0.169702
0.277102
-0.417439
0.654438
0.00234054
-0.00147598
0.000624237
-0.00146825
0.00454966
-0.0108377
-0.0053266
0.0113312
-0.01821
0.0266635
-0.0371975
0.051121
-0.075424
-0.000423701
0.000470854
-0.000564262
0.000629776
-0.000730211
0.000815622
-0.000853743
0.000806855
1.64872
-0.31831
1.19366
-1.31822
-0.228726
0.466147
0.0173087
-0.065271
-0.000706544
0.00506531
-0.0462546
0.000909496
-0.00709639
0.00266784
-2.36007e-05
0.000356366
-1.42717e-06
0.0247649
-0.0155927
0.00517102
-9.21703e-06
1.93263e-05
5.2816e-05
-0.000515698
8.94057e-05
4.45331e-05
-0.0054218
0.00498708
-0.0021329
0.000651005
-7.94284e-06
2.16006e-05
2.91259e-05
-3.41158e-05
-9.78543e-05
5.35054e-05
0.000104341
0.000173831
-0.000184726
0.000158091
-0.00323931
0.00256535
-0.00163294
0.000439331
0.00013547
-4.44938e-06
1.52265e-05
1.01598e-05
-3.48179e-05
-4.04071e-05
1.9058e-05
6.66598e-05
9.58048e-05
-7.46845e-05
4.9747e-05
-8.44817e-05
-0.000191421
0.00019023
-0.000232389
0.000139641
0.00135839
-0.00107293
0.00073164
-7.94348e-05
-0.000312848
0.000285556
-1.20112e-06
4.8513e-06
1.92807e-06
-1.1726e-05
-1.25399e-05
5.61049e-06
2.02103e-05
4.45676e-05
-3.12352e-05
1.31497e-05
-3.14324e-05
-0.000113571
0.000106994
-8.68785e-05
3.50373e-05
-2.82095e-06
0.000318096
-0.000358554
0.000378948
-0.000274671
0.000108186
0.000296972
-0.00102521
0.00124292
-0.00142749
0.00131705
-0.000940131
0.000390595
0
0
0
0
0
0
0
0
0
0
0
0
0
0
0
0
0
0
0
0
0
0
0
0
0
0
0
0
0
0
0
0
0
0
0
0
-5.52755
2.47738
-3.17799
-4.27627
0.747397
-1.03127
-0.881251
1.62695
1.35118
1.21432
-0.268684
0.289479
0.358505
-0.324092
-0.426397
-0.486332
0.413663
0.584865
0.690479
0.748352
-0.0592289
0.0776466
0.060662
-0.107072
-0.0788772
-0.063079
0.149678
0.109401
0.0832376
0.0691799
-0.225945
-0.167344
-0.12669
-0.10293
-0.090004
0.0174915
-0.0186229
-0.0220454
0.0201482
0.0243603
0.0270759
-0.0220743
-0.0278469
-0.0310203
-0.0331934
0.0249564
0.0332941
0.0376191
0.0403748
0.0420739
-0.0318546
-0.0451637
-0.0520907
-0.0567841
-0.060271
-0.0615712
0.00365756
-0.00452672
-0.0038907
0.00591835
0.00470598
0.00401812
-0.00780095
-0.005986
-0.00477416
-0.00406998
0.0102226
0.00771786
0.00595307
0.00479117
0.00409748
-0.0134709
-0.0100682
-0.00764224
-0.00595406
-0.00486919
-0.00413976
0.0193321
0.0142851
0.0107773
0.00821073
0.00654377
0.00538738
0.00446766
0.0323566
-0.000902399
-0.000656529
2.25438e-05
1.71177e-06
-0.000998938
-4.82403e-07
1.41304e-07
1.93238e-05
-9.48349e-06
9.14322e-09
-4.48871e-09
-3.47973e-07
3.12903e-07
8.59519e-06
-4.13578e-10
-2.64894e-10
5.40003e-09
-7.01606e-09
-1.39234e-07
2.09927e-07
2.69999e-10
2.94874e-10
-7.00794e-12
-4.3203e-10
7.32455e-10
-5.91774e-09
-2.86903e-08
-2.90419e-10
-2.68898e-10
2.63898e-10
8.3499e-10
1.70216e-09
1.75541e-09
2.6685e-09
6.90869e-09
5.37423e-11
-2.00089e-10
9.71727e-11
-1.89551e-10
6.68039e-11
-4.2939e-11
-1.13726e-10
1.11194e-10
-3.36696e-11
2.38717
0.542138
-1.32069
-0.825164
1.65022
-2.8149
0.0302502
-0.0360042
-0.0235465
0.157274
0.0962846
-0.191822
0.301229
-0.438417
0.666949
-0.00780589
0.0136654
-0.0154351
0.0126134
-0.00554529
-0.00553482
-0.0064586
0.0128597
-0.0201356
0.0287175
-0.0389877
0.052205
-0.075792
0.000113736
-0.000159052
5.95785e-05
0.000204031
-0.000602117
0.00103919
-0.00131538
0.00117525
2.63682
1.67884
-2.42323
-0.790035
0.718027
-0.668391
-0.328208
0.4418
-0.623896
0.951082
0.0986025
-0.0944808
0.0853037
-0.0716048
0.0605133
0.0288878
-0.0381843
0.0528569
-0.0725848
0.0990363
-0.145324
-0.00651489
0.00653909
-0.00640089
0.00593763
-0.00508574
0.00396173
-0.00299165
-0.00146889
0.00191313
-0.00263811
0.00362625
-0.00487718
0.00641968
-0.0084195
0.0119462
3.44854
1.96093
-2.93805
-1.04306
1.45695
-2.22286
-0.327639
0.365334
-0.422667
0.558374
0.125038
-0.158753
0.199326
-0.253876
0.357604
0.0270424
-0.0273928
0.0277816
-0.0286546
0.0310088
-0.0389636
-0.00840039
0.0103664
-0.0124092
0.0146303
-0.0172308
0.020826
-0.0283568
-0.001717
0.00182622
-0.00188107
0.00189215
-0.00187453
0.0018283
-0.00173881
0.00162981
-0.00313645
0.000144708
-0.00887537
0.00334497
0.00010016
-2.08432e-05
-0.000232477
4.02266e-05
0.00727476
-0.00222585
7.87521e-05
-0.000152141
-0.000179319
8.58578e-05
0.000253758
0.000380717
-0.000237186
-0.000136567
-0.000654975
-0.000496596
4.7074e-05
-0.000100307
-0.000102672
6.42428e-05
0.000256184
0.000168326
-0.000200404
-7.78599e-05
-0.000550499
-0.000233635
6.86283e-05
0.000566871
2.94569e-05
-0.000370315
0.000927754
2.01994e-05
-4.74235e-05
-4.91501e-05
3.88732e-05
0.000126223
0.000102339
-9.12482e-05
-6.5483e-05
-0.000262367
-0.00019524
4.44435e-05
0.000275115
5.14131e-05
0.000532427
0.00039191
-0.000200233
-3.58997e-05
-0.00067997
-1.48833e-05
-0.00070297
-0.00114622
3.70987e-06
-1.32778e-05
-5.52376e-06
1.23749e-05
4.01007e-05
5.98219e-06
-2.84381e-05
-1.63419e-05
-0.000104515
-9.30263e-07
2.05113e-05
8.62396e-05
-8.89396e-07
0.000243056
-1.82897e-05
-5.53649e-05
-5.44193e-06
-0.000257364
0.000131017
-0.000634426
0.00013554
1.61542e-05
0.000215874
-0.000114113
0.000744861
-0.000575659
0.00188969
-0.000558216
2.05271
2.54663
-1.65813
-1.15967
0.254571
0.161964
-0.0164168
-0.0121618
0.000432853
-0.152259
-0.00339087
-0.0040705
0.00100982
-0.00146456
0.00189625
1.65776e-05
2.29161e-05
-7.49674e-05
0.000140668
-3.89868e-06
5.12878e-06
-5.20614e-06
4.40092e-06
-3.69503e-06
-4.72581e-08
-7.16949e-08
2.18345e-07
-3.5757e-07
4.8008e-07
-6.59967e-07
7.88198e-09
-1.14414e-08
1.12025e-08
-6.93167e-09
2.5406e-09
4.53754e-09
-8.65211e-09
6.05953e-10
1.20489e-09
-3.11243e-10
-7.72928e-11
-1.18034e-09
-1.83796e-10
-4.4619e-10
1.17451e-09
-0.0840139
-0.027553
0.0830561
0.0212515
0.000155759
0.0136248
-0.00347516
0.0136112
-0.0213866
0.0103222
5.70676e-05
6.77682e-05
-7.7382e-05
0.00828761
-0.00179158
0.000236984
-0.0486012
0.0121081
-0.0022486
0.000211517
-2.61708e-05
5.63016e-05
2.77983e-05
-0.000294624
-5.78109e-06
-4.13022e-05
-0.00471359
0.0023157
-0.000608779
0.000122427
0.0134466
-0.00331056
-0.00131255
0.00137166
-0.000557648
-1.27886e-05
4.26014e-05
1.13739e-05
-0.000117509
-3.27622e-05
-1.18811e-05
0.000269563
6.69372e-05
3.70766e-05
9.95652e-06
-0.00130199
5.89979e-05
-8.1703e-05
-3.23413e-05
-3.24744e-05
0.006901
-0.00220077
0.00121073
-0.000526392
0.000397331
-9.52577e-05
-3.19966e-06
1.38854e-05
2.21706e-06
-3.65277e-05
-9.97511e-06
-2.27407e-06
8.36101e-05
2.46713e-05
9.89992e-06
3.20852e-06
-0.000137107
-7.23323e-05
-8.32054e-06
-2.05658e-05
-3.26979e-06
0.000879706
-0.000187303
0.000151057
-9.03793e-06
5.0361e-05
-1.87028e-05
-0.00268229
0.000549301
-5.4088e-05
-0.000304497
0.000115245
-7.10087e-05
3.23934e-05
1.04402e-10
-5.1886e-10
7.28911e-11
-1.01324e-10
5.03626e-10
3.89965e-11
-4.14619e-10
6.70948e-11
-4.11622e-10
4.35631e-11
-8.28283e-11
3.07206e-10
5.1236e-12
2.78366e-10
1.33922e-10
-1.96125e-10
-1.16446e-12
-1.97829e-10
-7.31879e-11
-3.36446e-11
-3.53267e-10
-2.98528e-11
1.1262e-10
1.53069e-11
4.46006e-11
1.30747e-10
-3.82303e-11
3.60869e-10
-2.41257e-11
1.189e-13
-3.08312e-11
-2.82361e-11
4.42894e-12
-7.24647e-11
3.45393e-11
-1.26191e-10
2.47307
1.78232
-0.999928
-1.50937
0.113486
0.312866
-0.00625139
-0.0334136
0.000151522
0.0482526
-0.00224811
-0.091152
-3.19086e-07
0.00260662
0.0393593
-7.22923e-05
0.000101676
-0.000645324
0.0249495
-5.76756e-05
0.000130337
-0.000206229
-0.000392753
-0.0150797
-3.70106e-05
9.87452e-05
-0.000189773
0.000323077
-0.000310397
-0.00129315
-1.52872e-05
4.69076e-05
-0.000101601
0.00018062
-0.000280584
0.000377569
0.00174951
-3.44005e-06
1.39044e-05
-3.86367e-05
8.75412e-05
-0.000175242
0.000333683
-0.000682825
0.0015284
-0.43581
0.0504061
0.842331
0.0062051
-0.0570408
-0.328536
-0.000517121
-0.00449089
0.0179031
-0.276063
-0.00013999
0.000508351
-0.000806812
0.00935647
0.145138
-7.31245e-05
0.000226084
-0.000430682
0.0020137
-0.00820624
0.0376099
-3.12878e-05
0.000109509
-0.000249875
0.000423628
-0.000849494
0.000996582
-0.0219155
-7.02707e-06
3.46121e-05
-0.000102028
0.000243384
-0.000500696
0.000896814
-0.0012201
0.000520702
-0.221136
-0.0382178
0.372349
0.00308576
0.043011
-0.211932
0.000294994
-0.00257319
-0.00381614
-0.0296815
-1.55583e-05
-0.000159201
0.000438076
-0.0135108
0.0723666
-1.00247e-06
8.06724e-06
-3.3088e-05
0.000441429
0.00332842
-0.0124434
4.54163e-08
2.96014e-07
3.16144e-08
3.98386e-05
-0.000210818
0.00172198
-0.00831536
4.88829e-09
3.53717e-08
-2.13278e-07
-1.16818e-06
-3.85967e-07
-1.53823e-05
-0.00050472
0.0022375
-0.171162
-0.114461
-0.00526884
0.000839295
7.22828e-05
-1.09947e-06
-2.82643e-07
-4.46147e-09
1.51362e-09
-1.6018e-10
-1.45279e-10
2.80785e-10
-1.0788e-10
2.06674e-10
-2.20446e-10
-6.66054e-11
8.47168e-11
-1.43303e-10
2.4615e-10
-2.69178e-11
2.20748e-11
-3.62051e-11
9.57928e-11
-4.56636e-11
-1.41373e-11
-1.53573e-11
2.01597e-11
-6.21406e-11
9.9245e-11
-2.29403e-10
9.27165e-12
-1.70363e-11
3.41564e-11
-6.69828e-11
1.40349e-10
-1.6455e-10
2.99979e-10
-1.09722e-14
-7.768e-12
1.1315e-11
-1.98141e-11
3.75489e-11
-6.56309e-11
7.1447e-11
-1.01244e-10
0
0
0
0
0
0
0
0
0
0
0
0
0
0
0
0
0
0
0
0
0
0
0
0
0
0
0
0
0
0
0
0
0
0
0
0
0
0
0
0
0
0
0
0
0
0
-0.225248
0.11609
0.478883
-0.00399408
-0.131334
-0.128341
-0.000820458
0.0037423
0.0280043
-0.239841
-3.00371e-05
0.00051846
-0.00155179
0.029932
0.0803294
-2.17446e-05
0.000111704
-6.48967e-05
7.17334e-05
-0.0136437
0.0452988
-4.97409e-05
4.8866e-05
-0.000160735
6.95878e-05
2.12012e-05
-0.00170037
-0.0156144
-8.34623e-06
4.38599e-05
-5.04771e-05
0.000131323
-0.000166033
0.000319756
0.00102951
-0.00299924
-0.0666645
-0.00135526
-0.0043736
0.00841004
-7.23214e-06
-0.000409319
0.000288512
0.0321851
-0.0184184
0.00561384
1.32138e-05
-3.97919e-05
6.21929e-05
0.000661512
-0.000395109
0.00019829
-0.0101498
0.0059956
-0.00179228
0.00033698
7.60223e-06
-2.54751e-05
3.35144e-05
6.26315e-05
-0.000115104
8.11173e-05
-0.000206839
0.000281088
-0.00027714
0.000191206
-0.00285821
0.00279936
-0.00184349
0.000477776
0.000190134
2.30434e-06
-9.94469e-06
1.20946e-05
2.50893e-05
-4.86133e-05
3.02605e-05
-4.6696e-05
0.000116648
-0.000119795
6.64824e-05
-2.47358e-05
-0.000134335
0.000246506
-0.000283863
0.000166407
0.00177768
-0.00153875
0.000778974
5.62726e-05
-0.000499678
0.000371713
3.28884e-07
-3.03255e-06
2.92862e-06
1.18404e-05
-1.7e-05
8.06926e-06
-3.47448e-05
5.97749e-05
-4.75041e-05
1.84589e-05
7.9634e-05
-0.000155373
0.000163886
-0.00011796
4.55449e-05
-0.000185484
0.000398521
-0.00050314
0.000490313
-0.000343739
0.000127108
0.000656094
-0.00131365
0.0017682
-0.0019514
0.00175945
-0.00119125
0.000468599
3.10924
0.415465
-1.3331
-1.02258
1.85429
-2.9478
0.137221
-0.14444
0.0465048
0.128465
0.107007
-0.212158
0.328013
-0.46249
0.680543
-0.0215133
0.0319474
-0.0332971
0.0266248
-0.0140951
-0.00200006
-0.00585938
0.0126029
-0.0207165
0.0301634
-0.0409409
0.0541231
-0.0770219
0.00123804
-0.00201235
0.00238385
-0.0023666
0.00197777
-0.00130788
0.000520981
0.000172416
0
0
0
0
0
0
0
0
0
0
0
0
0
0
0
0
0
0
-0.0225517
-0.000471973
-0.00968268
0.0256663
2.43941e-05
-0.000372719
0.000404518
0.00117948
0.00788126
-0.00774857
2.74617e-05
-0.000121314
-3.16655e-05
1.33776e-05
0.000401672
1.27041e-06
-0.000224144
-0.000608876
-0.000605392
-0.00443284
1.55124e-05
-7.49277e-05
-6.13294e-06
3.93896e-06
0.000196211
-3.8688e-05
-0.000163584
9.41985e-05
-0.000431407
9.15056e-05
-3.61688e-05
0.000482368
-0.0004382
-0.000658653
0.00209381
7.53016e-06
-3.39928e-05
-3.82064e-06
9.9541e-06
8.84506e-05
-7.06782e-06
-7.1847e-05
3.09366e-05
-0.000193242
2.84158e-05
-8.38589e-07
0.000220667
-0.000173795
0.000380007
-9.10856e-07
-0.000150636
0.000119666
-0.000562041
0.000625383
-0.000446166
-0.000200682
1.51359e-06
-1.00905e-05
4.83366e-06
5.1388e-06
2.93915e-05
-2.38782e-05
-2.26972e-05
1.35576e-05
-8.43627e-05
7.20139e-05
6.37082e-06
7.05372e-05
-8.39399e-05
0.000218267
-0.000190408
-4.02979e-05
4.27576e-05
-0.000227091
0.000330718
-0.00061976
0.000548022
-8.39828e-06
0.000164104
-0.000241504
0.000682688
-0.00110601
0.00203152
-0.00205739
-0.675744
-0.0900576
0.00952466
0.000806545
-5.65529e-05
-3.37545e-06
1.76792e-07
8.79958e-09
3.84656e-09
0
0
0
0
0
0
0
0
0
0
0
0
0
0
0
0
0
0
0
0
0
0
0
0
0
0
0
0
0
0
0
0
0
0
0
0
0.0453846
0.00131642
-0.00669215
3.36829e-05
-0.000137986
-0.000821271
7.32475e-07
-2.68883e-06
-1.81335e-05
0.000137019
1.45728e-08
-4.72468e-08
-3.55693e-07
2.38542e-06
2.26304e-06
6.53135e-10
-1.98252e-09
-5.84636e-09
3.88979e-08
5.32219e-08
-8.22124e-07
1.00219e-09
-4.54874e-10
-1.28671e-10
1.50485e-09
-3.76382e-09
-1.02032e-08
8.79093e-09
4.597e-10
-8.11008e-10
-4.70556e-10
3.39377e-09
-2.71484e-09
7.00583e-09
-3.7521e-09
2.41884e-08
1
5.88506
2.8219
-4.15691
5.28522
-1.29908
0.639725
-1.24262
0.0585213
0.379628
-1.51272
-0.210957
0.275427
-0.357048
-0.357263
0.555144
-0.546645
0.481766
-0.852156
1.11736
-0.96612
0.164791
-0.103512
0.130403
0.0503136
-0.0700004
0.12386
0.00367638
0.00272418
-0.0582064
0.13916
-0.0654158
0.0864983
-0.0478413
-0.0565298
0.18038
0.00873716
-0.0111435
0.015069
0.0147576
-0.0218531
0.0217723
-0.0186173
0.0305031
-0.0365732
0.0307683
0.0221738
-0.0407693
0.0557805
-0.0617001
0.0461776
-0.0285888
0.0565077
-0.085889
0.110491
-0.121273
0.0870013
-0.0126264
0.00858109
-0.00907694
-0.00562433
0.00573689
-0.00733984
0.0031572
-0.00286568
0.00445142
-0.00681494
-0.000682118
-2.00374e-06
-0.00120932
0.00421212
-0.00727922
-0.00173897
0.00344215
-0.00274705
7.33523e-05
0.00481878
-0.0086913
0.00474049
-0.00778696
0.00859959
-0.0066639
0.0022889
0.00592616
-0.0115968
1.11803
-1.96176
-1.46169
0.746881
0.29552
-0.0960272
-0.0265535
0.00640107
0.00136905
1.05209
-1.32724
0.799099
0.0286103
-0.11291
0.0691469
0.40434
-0.298426
0.191647
-0.0940877
-0.0346331
0.0525804
-0.0491753
0.035016
-0.0176448
-0.0522958
0.0388946
-0.0275031
0.0184331
-0.0108606
0.00478822
0.00416901
-0.00624473
0.00629081
-0.00551168
0.00411126
-0.00255701
0.00104885
0.00418545
-0.00302763
0.0022847
-0.00162564
0.00120108
-0.000829268
0.000567942
-0.000347244
2.25351e-10
-3.35146e-10
1.4367e-10
2.95357e-11
5.12008e-10
-3.50651e-10
-2.61059e-10
1.45653e-10
-6.06149e-10
3.92343e-10
-2.02973e-11
3.20607e-10
-1.56419e-10
5.51523e-10
-6.03796e-10
-1.14687e-10
8.08916e-11
-2.77172e-10
1.989e-10
-5.13303e-10
4.21568e-10
-2.09313e-11
1.06688e-10
-3.07834e-11
1.79745e-10
-9.42295e-11
3.07105e-10
-1.75126e-10
-1.63396e-11
1.83266e-11
-3.37268e-11
2.28878e-11
-4.59137e-11
4.45986e-12
-4.341e-11
1.20643e-11
0.501014
0.0170763
-0.942148
-0.0067093
-0.0192469
0.398763
-0.000478151
0.00520027
-0.0074932
0.266045
0.000122835
0.000223692
1.59214e-05
0.0119549
-0.166119
9.09613e-06
-0.000189632
0.000132167
-0.00167244
0.00100152
-0.0284112
6.21779e-05
-2.33512e-05
0.00020983
-0.000169655
0.000857355
-0.00278493
0.0251254
3.08537e-06
-5.72978e-05
2.86958e-05
-0.000166059
0.000124047
-0.000430363
0.000542208
-0.000383905
0.0752322
0.00330267
-0.136419
6.70715e-05
-0.00374816
0.0663632
-3.54171e-05
-3.23953e-06
0.000675568
0.0265366
-2.83645e-05
5.63296e-05
-7.70982e-05
0.000907711
-0.0229203
-1.72566e-05
4.31363e-05
-8.3337e-05
0.000157781
-0.000606911
9.22417e-05
-6.6142e-06
1.75391e-05
-3.60045e-05
6.10665e-05
-9.26148e-05
9.30184e-06
0.00277696
-1.42769e-06
5.17677e-06
-1.48439e-05
3.51038e-05
-6.96867e-05
0.000132395
-0.000233884
0.000506838
-0.409859
0.0546227
0.005777
-0.000489195
-3.43011e-05
2.04731e-06
1.0723e-07
-5.33722e-09
2.33306e-09
0.00313645
-0.000144706
0.00887537
-0.00334497
-0.000100159
2.08408e-05
0.000232474
-4.02262e-05
-0.00727476
0.00222586
-7.87504e-05
0.00015214
0.000179318
-8.5856e-05
-0.000253756
-0.000380715
0.000237186
0.000136566
0.000654973
0.000496595
-4.70737e-05
0.000100306
0.000102671
-6.42426e-05
-0.000256183
-0.000168325
0.000200403
7.78586e-05
0.000550497
0.000233634
-6.86283e-05
-0.00056687
-2.94557e-05
0.000370317
-0.000927752
-2.01988e-05
4.74234e-05
4.91498e-05
-3.88725e-05
-0.000126223
-0.000102339
9.12482e-05
6.54827e-05
0.000262366
0.000195239
-4.44431e-05
-0.000275114
-5.14123e-05
-0.000532426
-0.000391909
0.000200233
3.58994e-05
0.000679969
1.48823e-05
0.000702968
0.00114621
-3.70981e-06
1.32775e-05
5.52351e-06
-1.23749e-05
-4.01005e-05
-5.982e-06
2.84379e-05
1.63416e-05
0.000104515
9.30009e-07
-2.05114e-05
-8.62393e-05
8.89643e-07
-0.000243056
1.82903e-05
5.53648e-05
5.44176e-06
0.000257364
-0.000131017
0.000634426
-0.00013554
-1.61547e-05
-0.000215874
0.000114113
-0.000744861
0.000575661
-0.00188969
0.000558218
0.0840139
0.027553
-0.0830561
-0.0212515
-0.000155758
-0.0136248
0.00347516
-0.0136112
0.0213866
-0.0103222
-5.70674e-05
-6.77685e-05
7.73818e-05
-0.00828761
0.00179158
-0.000236984
0.0486012
-0.0121081
0.0022486
-0.000211518
2.61709e-05
-5.63017e-05
-2.77983e-05
0.000294624
5.78113e-06
4.13021e-05
0.00471359
-0.0023157
0.000608779
-0.000122427
-0.0134466
0.00331056
0.00131255
-0.00137166
0.000557647
1.27887e-05
-4.26015e-05
-1.13738e-05
0.000117509
3.27622e-05
1.1881e-05
-0.000269563
-6.69372e-05
-3.70765e-05
-9.95611e-06
0.00130199
-5.89979e-05
8.1703e-05
3.23411e-05
3.24737e-05
-0.006901
0.00220077
-0.00121073
0.000526392
-0.00039733
9.52592e-05
3.19965e-06
-1.38855e-05
-2.21704e-06
3.65277e-05
9.97508e-06
2.27399e-06
-8.36102e-05
-2.46713e-05
-9.89983e-06
-3.20833e-06
0.000137107
7.23322e-05
8.3205e-06
2.05656e-05
3.26938e-06
-0.000879706
0.000187303
-0.000151057
9.03808e-06
-5.03606e-05
1.87033e-05
0.00268229
-0.000549301
5.40878e-05
0.000304497
-0.000115246
7.10079e-05
-3.23941e-05
0.0807543
0.00335877
0.000111848
2.99405e-06
6.65853e-08
1.25512e-09
-1.74845e-10
-2.79373e-11
-5.008e-10
-2.18797e-10
-1.71755
2.33329
-0.955875
0.291222
-0.256056
0.161357
-0.869278
0.577398
-0.339487
0.150358
-0.0111898
0.012693
-0.0179376
0.0175939
-0.0104603
0.122223
-0.0877602
0.0622391
-0.041467
0.0240574
-0.0104473
0.000123716
-0.00012303
0.000788485
-0.00129244
0.00149821
-0.00126551
0.000799549
-0.00965306
0.00695725
-0.00524427
0.00389671
-0.00284803
0.00193518
-0.00119184
0.000609328
7.28046
-4.2649
-6.20341
-1.4747
-1.95729
-2.61379
1.04056
1.03514
1.21087
1.68162
0.125318
0.165714
0.194574
0.221547
0.277322
-0.130132
-0.10947
-0.104755
-0.111966
-0.131106
-0.17678
-0.00570819
-0.00772636
-0.00902623
-0.00997836
-0.0106621
-0.011452
-0.0138549
0.00988412
0.00764526
0.00652398
0.00606877
0.00613571
0.00663229
0.00765713
0.0100114
-2.41536e-10
3.58066e-10
-2.51229e-11
3.52342e-10
6.14572e-11
2.30417e-10
5.19479e-11
6.22899e-11
1.57642e-11
-3.299e-10
1.73708e-10
-2.15964e-10
9.26094e-11
-1.6375e-10
3.85142e-11
-1.10269e-10
3.5986e-11
-1.4801e-11
-0.0482526
0.00224811
0.091152
3.19025e-07
-0.00260662
-0.0393593
7.22915e-05
-0.000101676
0.000645323
-0.0249495
5.76755e-05
-0.000130336
0.000206229
0.000392754
0.0150797
3.70102e-05
-9.87451e-05
0.000189772
-0.000323077
0.000310397
0.00129315
1.52871e-05
-4.69073e-05
0.000101601
-0.00018062
0.000280584
-0.000377569
-0.00174951
3.43997e-06
-1.39043e-05
3.86367e-05
-8.75412e-05
0.000175242
-0.000333683
0.000682825
-0.00152839
1.84315
3.23403
-2.41052
-1.23223
0.486169
0.157072
-0.0451116
-0.0117766
0.00137611
6.79276
4.68878
-6.4478
-1.94791
2.04572
-2.57758
-0.919881
1.05682
-1.26094
1.71199
0.237499
-0.221376
0.215042
-0.224274
0.275258
0.0817597
-0.0912716
0.101696
-0.114796
0.1346
-0.178765
-0.0159327
0.0143392
-0.0129237
0.0118401
-0.0112157
0.0113665
-0.0136865
-0.00476832
0.00522734
-0.00561821
0.00599964
-0.00645452
0.00706525
-0.00802109
0.0102045
-0.0622226
-0.0289283
0.0394747
0.000476101
0.000800887
-0.00217504
0.000160238
-0.000185866
0.00017738
-0.000179968
-1.96278e-06
-3.46288e-06
8.71453e-06
-1.3058e-05
1.87393e-05
-4.85636e-07
5.5036e-07
-4.72464e-07
3.09121e-07
-1.41345e-07
-5.77914e-09
2.58308e-09
7.39734e-09
-2.01293e-08
3.28751e-08
-3.83087e-08
4.78515e-08
-5.29611e-08
3.05064e-09
1.34849e-09
2.93872e-10
3.71893e-10
-5.34285e-09
3.64635e-09
-6.91994e-09
1.45473e-08
0.43581
-0.0504061
-0.842331
-0.0062051
0.0570408
0.328536
0.000517121
0.00449089
-0.0179031
0.276063
0.000139991
-0.000508351
0.000806812
-0.00935647
-0.145138
7.31244e-05
-0.000226085
0.000430682
-0.0020137
0.00820624
-0.0376099
3.1288e-05
-0.000109509
0.000249875
-0.000423628
0.000849494
-0.000996582
0.0219155
7.02705e-06
-3.46121e-05
0.000102028
-0.000243384
0.000500696
-0.000896814
0.0012201
-0.000520702
0.221136
0.0382178
-0.372349
-0.00308576
-0.043011
0.211932
-0.000294994
0.00257319
0.00381614
0.0296815
1.55583e-05
0.000159201
-0.000438076
0.0135108
-0.0723666
1.00247e-06
-8.06724e-06
3.3088e-05
-0.000441429
-0.00332842
0.0124434
-4.54163e-08
-2.96014e-07
-3.16144e-08
-3.98386e-05
0.000210818
-0.00172198
0.00831536
-4.88829e-09
-3.53717e-08
2.13278e-07
1.16818e-06
3.85967e-07
1.53823e-05
0.00050472
-0.0022375
0
-5.52755
2.47738
-3.17799
-4.27627
0.747397
-1.03127
-0.881251
1.62695
1.35118
1.21432
-0.268684
0.289479
0.358505
-0.324092
-0.426397
-0.486332
0.413663
0.584865
0.690479
0.748352
-0.0592289
0.0776466
0.060662
-0.107072
-0.0788772
-0.063079
0.149678
0.109401
0.0832376
0.0691799
-0.225945
-0.167344
-0.12669
-0.10293
-0.090004
0.0174915
-0.0186229
-0.0220454
0.0201482
0.0243603
0.0270759
-0.0220743
-0.0278469
-0.0310203
-0.0331934
0.0249564
0.0332941
0.0376191
0.0403748
0.0420739
-0.0318546
-0.0451637
-0.0520907
-0.0567841
-0.060271
-0.0615712
0.00365756
-0.00452672
-0.0038907
0.00591835
0.00470598
0.00401812
-0.00780095
-0.005986
-0.00477416
-0.00406998
0.0102226
0.00771786
0.00595307
0.00479117
0.00409748
-0.0134709
-0.0100682
-0.00764224
-0.00595406
-0.00486919
-0.00413976
0.0193321
0.0142851
0.0107773
0.00821072
0.00654377
0.00538738
0.00446766
-4.97306
-1.33641
2.00694
-3.51922
0.845276
-0.650387
0.878197
0.454856
-0.650965
1.1441
0.0852327
-0.0785768
0.218574
0.144222
-0.300257
0.383954
-0.283594
0.567702
-0.755341
0.742673
-0.0925966
0.0714861
-0.0789543
-0.0530122
0.0604767
-0.0719404
0.0368698
-0.0434675
0.0524513
-0.0756913
-0.0247323
0.0264475
-0.0342473
0.0498943
-0.100407
-0.00291868
-0.000242972
-0.0103023
-0.000763708
0.00971088
-0.016454
0.00485224
-0.014614
0.021313
-0.0241428
-0.0109702
0.0253109
-0.0354593
0.0411631
-0.0374057
0.021256
-0.0439297
0.0659442
-0.0832877
0.0913512
-0.0715429
0.00650613
-0.00495976
0.0049537
0.00369002
-0.00392351
0.00379377
-0.00291154
0.00287608
-0.00310596
0.00302474
0.00229884
-0.00240324
0.00218355
-0.00256031
0.00254665
-0.00211352
0.00193414
-0.0020741
0.00170147
-0.00221583
0.00231692
0.00219599
-0.00230801
0.00202319
-0.00221868
0.00153384
-0.00205587
0.00228539
-1.93397e-10
-1.89657e-10
5.09782e-10
-1.77298e-10
4.20086e-10
-7.39869e-10
-1.54241e-10
3.40903e-10
-4.98282e-10
7.58789e-10
-1.18187e-10
2.44275e-10
-3.48641e-10
5.12246e-10
-8.84102e-10
-6.56133e-11
1.51174e-10
-2.11242e-10
3.1433e-10
-4.59508e-10
6.79272e-10
-2.9799e-11
7.25e-11
-9.59313e-11
1.41047e-10
-1.93089e-10
2.11453e-10
-3.08113e-10
-1.34248e-11
1.65355e-11
-1.59897e-11
3.80779e-11
-4.9376e-11
4.65293e-11
-3.35354e-11
5.8922e-11
0
0
0
0
0
0
0
0
0
0
0
0
0
0
0
0
0
0
0
0
0
0
0
0
0
0
0
0
0
0
0
0
0
0
0
0
-13.0801
4.66396
-5.85428
-6.11579
2.06799
-2.67764
-2.53759
4.00524
3.67772
3.66313
-0.506048
0.509815
0.499315
-0.519047
-0.556033
-0.530549
0.600828
0.705793
0.726665
0.674275
-0.176719
0.219296
0.199637
-0.286389
-0.241832
-0.230066
0.383367
0.312715
0.286105
0.27906
-0.561807
-0.454489
-0.411522
-0.401175
-0.395416
0.0327492
-0.0324971
-0.030126
0.0315248
0.0304226
0.0280946
-0.0299656
-0.0305368
-0.0297209
-0.0270761
0.0286488
0.0315774
0.0324105
0.0312281
0.0278863
-0.0308733
-0.037539
-0.0407035
-0.0412315
-0.0390509
-0.0343735
0.0100155
-0.0119983
-0.0109718
0.0151642
0.0127156
0.0119155
-0.0194166
-0.0154635
-0.0136465
-0.0130108
0.024868
0.0192479
0.0163816
0.0150671
0.0145514
-0.0322222
-0.0245846
-0.0205352
-0.0185223
-0.0176523
-0.0171182
0.0456955
0.034678
0.0288005
0.0258292
0.0246315
0.0241866
0.0233889
0.0225517
0.000471974
0.00968268
-0.0256663
-2.4394e-05
0.000372716
-0.000404519
-0.00117947
-0.00788126
0.00774857
-2.74605e-05
0.000121313
3.16651e-05
-1.33752e-05
-0.00040167
-1.269e-06
0.000224142
0.000608873
0.00060539
0.00443284
-1.55123e-05
7.49265e-05
6.13221e-06
-3.93833e-06
-0.00019621
3.86885e-05
0.000163582
-9.42003e-05
0.000431405
-9.15063e-05
3.61711e-05
-0.000482365
0.000438202
0.000658656
-0.0020938
-7.52981e-06
3.39926e-05
3.82051e-06
-9.95329e-06
-8.84499e-05
7.06815e-06
7.18463e-05
-3.09373e-05
0.000193241
-2.84161e-05
8.4016e-07
-0.000220666
0.000173796
-0.000380006
9.10611e-07
0.000150635
-0.000119668
0.000562039
-0.000625385
0.000446164
0.00020068
-1.51358e-06
1.00902e-05
-4.83375e-06
-5.13874e-06
-2.93913e-05
2.38782e-05
2.26968e-05
-1.35578e-05
8.43625e-05
-7.20139e-05
-6.37061e-06
-7.05369e-05
8.39401e-05
-0.000218266
0.000190408
4.02972e-05
-4.27582e-05
0.000227091
-0.000330718
0.000619761
-0.000548021
8.39876e-06
-0.000164103
0.000241505
-0.000682687
0.00110601
-0.00203152
0.00205739
0
0
0
0
0
0
0
0
0
0
0
0
0
0
0
0
0
0
0
0
0
0
0
0
0
0
0
0
0
0
0
0
0
0
0
0
-1.25483e-16
-1.67234e-17
1.7687e-18
1.49773e-19
-1.05017e-20
-6.26809e-22
3.28296e-23
1.63405e-24
7.14292e-25
-0.00313645
0.000144708
-0.00887537
0.00334497
0.000100159
-2.0843e-05
-0.000232476
4.02274e-05
0.00727476
-0.00222585
7.8752e-05
-0.000152141
-0.000179319
8.58577e-05
0.000253757
0.000380716
-0.000237188
-0.000136568
-0.000654976
-0.000496596
4.7074e-05
-0.000100307
-0.000102672
6.42434e-05
0.000256184
0.000168325
-0.000200404
-7.78598e-05
-0.000550498
-0.000233635
6.863e-05
0.000566872
2.94575e-05
-0.000370315
0.000927754
2.01994e-05
-4.74237e-05
-4.91501e-05
3.88732e-05
0.000126223
0.000102339
-9.12489e-05
-6.54834e-05
-0.000262367
-0.00019524
4.44438e-05
0.000275115
5.14132e-05
0.000532427
0.00039191
-0.000200235
-3.59009e-05
-0.00067997
-1.48837e-05
-0.00070297
-0.00114622
3.70988e-06
-1.32778e-05
-5.52374e-06
1.23751e-05
4.01008e-05
5.98215e-06
-2.84381e-05
-1.63419e-05
-0.000104515
-9.30196e-07
2.05117e-05
8.62398e-05
-8.89306e-07
0.000243056
-1.82897e-05
-5.53652e-05
-5.442e-06
-0.000257364
0.000131017
-0.000634426
0.00013554
1.61553e-05
0.000215874
-0.000114113
0.000744862
-0.000575659
0.00188969
-0.000558216
-0.00582458
-0.0375008
-0.0401571
0.057781
-0.00112272
0.0100711
0.00117218
0.136118
-0.0553897
0.00722818
5.20928e-05
0.00111969
-0.000193996
0.0211567
-0.00644424
0.000953623
-0.102581
0.0135853
0.00559007
-0.00273956
-2.69772e-05
0.000106162
-1.82859e-05
-0.000692638
9.34328e-05
-4.47673e-05
-0.00674157
0.00211892
-0.000267002
-3.36263e-05
0.00648309
0.00718545
-0.00633994
0.00271789
-0.000655598
-1.50721e-05
5.07999e-05
-3.26411e-06
-0.000166079
2.56136e-05
-2.40184e-05
0.000299332
-8.30799e-06
7.05491e-05
-1.79056e-05
-0.00378436
0.00150327
-0.00074618
0.000257609
-8.70093e-05
0.0195275
-0.00709438
0.00208031
-0.000237886
4.61766e-05
-1.0753e-05
-3.62895e-06
1.82006e-05
-1.95268e-06
-5.33828e-05
9.98737e-06
-5.97654e-06
0.000134085
-3.74301e-05
3.46931e-05
-6.97042e-06
-0.000218513
8.11211e-05
-0.000103462
3.77136e-05
-1.41512e-05
0.00165586
-0.00072502
0.000460919
-0.000213201
0.00012581
-4.09263e-05
-0.00442237
0.00114619
-0.000411829
0.000158962
-0.000238039
0.000151419
-2.54471e-05
0
0
0
0
0
0
0
0
0
0.225248
-0.11609
-0.478883
0.00399408
0.131334
0.128341
0.000820459
-0.0037423
-0.0280043
0.239841
3.00365e-05
-0.000518461
0.00155179
-0.029932
-0.0803294
2.17454e-05
-0.000111703
6.48975e-05
-7.17327e-05
0.0136437
-0.0452987
4.97406e-05
-4.88665e-05
0.000160735
-6.95882e-05
-2.12016e-05
0.00170037
0.0156144
8.34643e-06
-4.38597e-05
5.04773e-05
-0.000131322
0.000166033
-0.000319756
-0.00102951
0.00299924
3.28994
-1.9004
-2.79184
-0.809781
-1.38482
-2.20642
0.435052
0.394854
0.409176
0.5396
0.0921191
0.144526
0.190636
0.247524
0.353956
-0.0531172
-0.0414206
-0.0333134
-0.0295465
-0.0301982
-0.0382419
-0.00661658
-0.01009
-0.0122518
-0.0143072
-0.0168035
-0.0205243
-0.0282319
0.00421115
0.0031405
0.00242875
0.00188861
0.00156091
0.00136187
0.00128947
0.00136151
0
0
0
0
0
0
0
0
0
-0.501014
-0.0170763
0.942148
0.0067093
0.0192469
-0.398763
0.000478152
-0.00520027
0.0074932
-0.266045
-0.000122835
-0.000223693
-1.59213e-05
-0.0119549
0.166119
-9.09559e-06
0.000189632
-0.000132166
0.00167244
-0.00100152
0.0284112
-6.2178e-05
2.33507e-05
-0.00020983
0.000169655
-0.000857354
0.00278493
-0.0251254
-3.0852e-06
5.72979e-05
-2.86956e-05
0.000166059
-0.000124046
0.000430363
-0.000542207
0.000383906
8.32234e-16
0
-0.865256
3.24471
-3.58328
-0.621742
1.26712
0.04705
-0.177425
-0.00192059
0.0137689
2.63682
1.67884
-2.42323
-0.790035
0.718027
-0.668391
-0.328208
0.4418
-0.623896
0.951082
0.0986025
-0.0944808
0.0853037
-0.0716048
0.0605133
0.0288878
-0.0381843
0.0528569
-0.0725848
0.0990363
-0.145324
-0.00651489
0.00653909
-0.00640089
0.00593763
-0.00508574
0.00396173
-0.00299165
-0.00146889
0.00191313
-0.00263811
0.00362625
-0.00487718
0.00641968
-0.0084195
0.0119462
6.99352e-11
-2.01703e-10
2.94977e-10
-3.9109e-10
3.0832e-10
-4.24359e-10
2.40852e-10
-1.49884e-10
1.4278e-11
7.16762
4.56356
-6.58701
-2.14754
1.9518
-1.81688
-0.892162
1.20094
-1.69593
2.58531
0.268029
-0.256825
0.231879
-0.194642
0.164492
0.0785253
-0.103796
0.14368
-0.197306
0.269208
-0.395032
-0.0177093
0.0177751
-0.0173994
0.0161402
-0.0138245
0.0107691
-0.00813216
-0.00399285
0.00520043
-0.00717114
0.00985716
-0.0132576
0.0174505
-0.0228866
0.0324733
-3.28994
1.9004
2.79184
0.809781
1.38482
2.20642
-0.435052
-0.394854
-0.409176
-0.5396
-0.0921191
-0.144526
-0.190636
-0.247524
-0.353956
0.0531172
0.0414206
0.0333134
0.0295465
0.0301982
0.0382419
0.00661658
0.01009
0.0122518
0.0143072
0.0168035
0.0205243
0.0282319
-0.00421115
-0.0031405
-0.00242875
-0.00188861
-0.00156091
-0.00136187
-0.00128947
-0.00136151
1.71755
-2.33329
0.955875
-0.291222
0.256056
-0.161357
0.869278
-0.577398
0.339487
-0.150358
0.0111898
-0.012693
0.0179376
-0.0175939
0.0104603
-0.122223
0.0877602
-0.0622391
0.041467
-0.0240574
0.0104473
-0.000123716
0.000123029
-0.000788485
0.00129244
-0.00149821
0.00126551
-0.000799549
0.00965306
-0.00695725
0.00524427
-0.00389671
0.00284803
-0.00193518
0.00119184
-0.000609327
-0.0752322
-0.00330267
0.136419
-6.70712e-05
0.00374816
-0.0663632
3.54167e-05
3.23948e-06
-0.000675569
-0.0265366
2.83645e-05
-5.63293e-05
7.70981e-05
-0.00090771
0.0229203
1.72565e-05
-4.31363e-05
8.33369e-05
-0.000157781
0.000606911
-9.22408e-05
6.61421e-06
-1.75391e-05
3.60045e-05
-6.10665e-05
9.26146e-05
-9.30225e-06
-0.00277696
1.42769e-06
-5.17679e-06
1.48439e-05
-3.51038e-05
6.96868e-05
-0.000132395
0.000233884
-0.000506838
-0.152259
-0.00339087
-0.0040705
0.00100982
-0.00146456
0.00189625
1.65776e-05
2.29161e-05
-7.49674e-05
0.000140668
-3.89868e-06
5.12878e-06
-5.20614e-06
4.40092e-06
-3.69503e-06
-4.72581e-08
-7.16949e-08
2.18345e-07
-3.5757e-07
4.8008e-07
-6.59967e-07
7.88198e-09
-1.14414e-08
1.12025e-08
-6.93167e-09
2.5406e-09
4.53754e-09
-8.65211e-09
6.05953e-10
1.2049e-09
-3.11243e-10
-7.72925e-11
-1.18034e-09
-1.83795e-10
-4.46191e-10
1.17451e-09
-1.85231
-0.610623
1.36469
0.656449
-1.47286
2.69396
0.0415217
-0.0538225
0.0919216
-0.191293
-0.0796264
0.169702
-0.277102
0.417439
-0.654438
-0.00234054
0.00147598
-0.000624237
0.00146825
-0.00454966
0.0108377
0.0053266
-0.0113312
0.01821
-0.0266635
0.0371975
-0.051121
0.075424
0.000423701
-0.000470854
0.000564262
-0.000629776
0.000730211
-0.000815621
0.000853743
-0.000806855
-0.0225517
-0.000471973
-0.00968268
0.0256663
2.43938e-05
-0.000372718
0.000404518
0.00117948
0.00788126
-0.00774857
2.74614e-05
-0.000121313
-3.16653e-05
1.33766e-05
0.000401671
1.27017e-06
-0.000224144
-0.000608876
-0.000605392
-0.00443284
1.55123e-05
-7.49273e-05
-6.13279e-06
3.93897e-06
0.000196211
-3.86881e-05
-0.000163583
9.41992e-05
-0.000431406
9.15057e-05
-3.61687e-05
0.000482368
-0.0004382
-0.000658654
0.00209381
7.53007e-06
-3.39928e-05
-3.8206e-06
9.95384e-06
8.84503e-05
-7.06787e-06
-7.1847e-05
3.09367e-05
-0.000193242
2.84158e-05
-8.39268e-07
0.000220667
-0.000173795
0.000380007
-9.10919e-07
-0.000150637
0.000119666
-0.000562041
0.000625383
-0.000446165
-0.000200682
1.51358e-06
-1.00904e-05
4.83369e-06
5.13882e-06
2.93915e-05
-2.38782e-05
-2.2697e-05
1.35576e-05
-8.43626e-05
7.20139e-05
6.37095e-06
7.05372e-05
-8.39399e-05
0.000218266
-0.000190408
-4.02976e-05
4.27578e-05
-0.000227091
0.000330718
-0.00061976
0.000548022
-8.39812e-06
0.000164104
-0.000241504
0.000682687
-0.00110601
0.00203152
-0.00205739
1.47888
4.26633
-3.49806
-1.22164
0.794005
0.116171
-0.0766038
-0.00553908
0.00404647
1.83185e-10
-3.98964e-10
1.49928e-10
-7.48205e-11
3.61928e-10
-4.66141e-10
-3.36243e-10
2.99983e-10
-3.31853e-10
8.75712e-10
-1.26931e-10
2.85989e-10
-4.77122e-10
2.74622e-10
-1.07843e-09
-1.73561e-10
2.18944e-10
-2.13539e-10
5.76404e-10
-3.30575e-10
1.36729e-09
-6.35515e-11
1.09648e-10
-2.21061e-10
1.32833e-10
-5.26908e-10
3.12992e-10
-1.10145e-09
-2.78845e-11
4.37774e-11
-3.00507e-11
1.16754e-10
-5.45613e-11
2.48323e-10
-1.51856e-10
3.9006e-10
-0.601109
-0.103887
1.01215
0.00838797
0.116916
-0.57609
0.000801878
-0.00699466
-0.0103734
-0.0806826
-4.22918e-05
-0.000432753
0.00119081
-0.0367262
0.196713
-2.725e-06
2.1929e-05
-8.99426e-05
0.00119993
0.00904758
-0.0338245
1.23454e-07
8.04649e-07
8.59367e-08
0.000108292
-0.000573063
0.00468082
-0.0226035
1.32877e-08
9.61502e-08
-5.7975e-07
-3.17545e-06
-1.04917e-06
-4.18133e-05
-0.00137197
0.00608215
-1.33074
0.0209973
0.0191766
-0.00125724
-6.86048e-05
8.41778e-06
-4.26131e-08
-2.09172e-08
8.86567e-09
-0.43581
0.0504061
0.842331
0.0062051
-0.0570408
-0.328536
-0.000517121
-0.00449089
0.0179031
-0.276063
-0.00013999
0.00050835
-0.000806811
0.00935646
0.145138
-7.31241e-05
0.000226084
-0.000430681
0.0020137
-0.00820624
0.0376099
-3.12879e-05
0.000109509
-0.000249874
0.000423627
-0.000849494
0.000996581
-0.0219155
-7.027e-06
3.46121e-05
-0.000102028
0.000243384
-0.000500696
0.000896814
-0.0012201
0.000520702
0
0
0
0
0
0
0
0
0
0
0
0
0
0
0
0
0
0
0
0
0
0
0
0
0
0
0
0
0
0
0
0
0
0
0
0
0.00582458
0.0375008
0.0401571
-0.057781
0.00112272
-0.0100711
-0.00117218
-0.136118
0.0553897
-0.00722818
-5.20922e-05
-0.00111969
0.000193994
-0.0211567
0.00644424
-0.000953621
0.102581
-0.0135853
-0.00559007
0.00273956
2.69776e-05
-0.000106162
1.82851e-05
0.000692639
-9.34318e-05
4.47684e-05
0.00674157
-0.00211893
0.000267
3.36245e-05
-0.00648309
-0.00718545
0.00633994
-0.00271788
0.000655602
1.50723e-05
-5.08001e-05
3.26369e-06
0.00016608
-2.56131e-05
2.40189e-05
-0.000299332
8.30733e-06
-7.05497e-05
1.79047e-05
0.00378436
-0.00150327
0.000746181
-0.000257608
8.70105e-05
-0.0195275
0.00709438
-0.00208031
0.000237885
-4.61786e-05
1.07513e-05
3.62902e-06
-1.82007e-05
1.95254e-06
5.33829e-05
-9.98719e-06
5.97668e-06
-0.000134085
3.74298e-05
-3.46932e-05
6.97016e-06
0.000218513
-8.11208e-05
0.000103462
-3.77132e-05
1.41515e-05
-0.00165586
0.00072502
-0.00046092
0.000213201
-0.00012581
4.09261e-05
0.00442237
-0.00114619
0.000411829
-0.000158962
0.000238039
-0.000151419
2.54473e-05
0
0
0
0
0
0
0
0
0
-2.38717
-0.542138
1.32069
0.825164
-1.65022
2.8149
-0.0302502
0.0360042
0.0235465
-0.157274
-0.0962846
0.191822
-0.301229
0.438417
-0.666949
0.00780589
-0.0136654
0.0154351
-0.0126134
0.00554529
0.00553482
0.0064586
-0.0128597
0.0201356
-0.0287175
0.0389877
-0.052205
0.075792
-0.000113736
0.000159052
-5.95785e-05
-0.000204031
0.000602117
-0.00103919
0.00131538
-0.00117525
-2.63682
-1.67884
2.42323
0.790035
-0.718027
0.668391
0.328208
-0.4418
0.623896
-0.951082
-0.0986025
0.0944808
-0.0853037
0.0716048
-0.0605133
-0.0288878
0.0381843
-0.0528569
0.0725848
-0.0990363
0.145324
0.00651489
-0.00653909
0.00640089
-0.00593763
0.00508574
-0.00396173
0.00299165
0.00146889
-0.00191313
0.00263811
-0.00362625
0.00487718
-0.00641968
0.0084195
-0.0119462
-3.44854
-1.96093
2.93805
1.04306
-1.45695
2.22286
0.327639
-0.365334
0.422667
-0.558374
-0.125038
0.158753
-0.199326
0.253876
-0.357604
-0.0270424
0.0273928
-0.0277816
0.0286546
-0.0310088
0.0389636
0.00840039
-0.0103664
0.0124092
-0.0146303
0.0172308
-0.020826
0.0283568
0.001717
-0.00182622
0.00188107
-0.00189215
0.00187453
-0.0018283
0.00173881
-0.00162981
0
0
0
0
0
0
0
0
0
-5.88506
-2.8219
4.15691
-5.28522
1.29908
-0.639725
1.24262
-0.0585213
-0.379628
1.51272
0.210957
-0.275427
0.357048
0.357263
-0.555144
0.546645
-0.481766
0.852156
-1.11736
0.96612
-0.164791
0.103512
-0.130403
-0.0503136
0.0700004
-0.12386
-0.00367638
-0.00272418
0.0582064
-0.13916
0.0654158
-0.0864983
0.0478413
0.0565298
-0.180379
-0.00873716
0.0111435
-0.015069
-0.0147576
0.0218531
-0.0217723
0.0186173
-0.0305031
0.0365732
-0.0307683
-0.0221738
0.0407693
-0.0557805
0.0617001
-0.0461776
0.0285888
-0.0565077
0.085889
-0.110491
0.121273
-0.0870013
0.0126264
-0.00858109
0.00907694
0.00562433
-0.00573689
0.00733984
-0.0031572
0.00286568
-0.00445142
0.00681494
0.000682119
2.0042e-06
0.00120932
-0.00421212
0.00727922
0.00173897
-0.00344215
0.00274705
-7.33516e-05
-0.00481878
0.0086913
-0.00474049
0.00778696
-0.00859959
0.0066639
-0.0022889
-0.00592616
0.0115968
0.00313645
-0.000144706
0.00887537
-0.00334497
-0.000100159
2.0841e-05
0.000232474
-4.02255e-05
-0.00727476
0.00222586
-7.87504e-05
0.00015214
0.000179318
-8.58559e-05
-0.000253756
-0.000380715
0.000237185
0.000136566
0.000654974
0.000496595
-4.70737e-05
0.000100306
0.000102671
-6.4242e-05
-0.000256183
-0.000168325
0.000200403
7.78584e-05
0.000550497
0.000233634
-6.86269e-05
-0.000566869
-2.94558e-05
0.000370316
-0.000927752
-2.01988e-05
4.74232e-05
4.91498e-05
-3.88724e-05
-0.000126223
-0.000102339
9.12475e-05
6.54824e-05
0.000262366
0.000195239
-4.44426e-05
-0.000275114
-5.14121e-05
-0.000532426
-0.00039191
0.000200231
3.58987e-05
0.000679969
1.48824e-05
0.000702968
0.00114621
-3.70984e-06
1.32776e-05
5.52353e-06
-1.23748e-05
-4.01005e-05
-5.98207e-06
2.84378e-05
1.63416e-05
0.000104515
9.30058e-07
-2.05109e-05
-8.62392e-05
8.89632e-07
-0.000243056
1.82903e-05
5.53645e-05
5.44148e-06
0.000257364
-0.000131017
0.000634426
-0.00013554
-1.61536e-05
-0.000215873
0.000114113
-0.000744861
0.000575661
-0.00188969
0.000558218
0
0
0
0
0
0
0
0
0
0
0
0
0
0
0
0
0
0
0
0
0
0
0
0
0
0
0
0
0
0
0
0
0
0
0
0
-0.225248
0.11609
0.478883
-0.00399408
-0.131334
-0.128341
-0.000820458
0.0037423
0.0280043
-0.239841
-3.00368e-05
0.00051846
-0.00155179
0.029932
0.0803294
-2.17446e-05
0.000111703
-6.48965e-05
7.17327e-05
-0.0136437
0.0452987
-4.97409e-05
4.88659e-05
-0.000160735
6.95875e-05
2.12019e-05
-0.00170037
-0.0156144
-8.34622e-06
4.38598e-05
-5.04769e-05
0.000131322
-0.000166032
0.000319755
0.00102951
-0.00299924
2.71828
0.0462546
-0.000909496
0.00709639
-0.00266784
2.36006e-05
-0.000356366
1.42706e-06
-0.0247649
0.0155927
-0.00517102
9.21704e-06
-1.93263e-05
-5.2816e-05
0.000515698
-8.94055e-05
-4.4533e-05
0.0054218
-0.00498708
0.0021329
-0.000651005
7.94284e-06
-2.16006e-05
-2.91259e-05
3.41158e-05
9.78542e-05
-5.35054e-05
-0.000104341
-0.000173831
0.000184726
-0.000158091
0.00323931
-0.00256535
0.00163294
-0.000439331
-0.00013547
4.44939e-06
-1.52265e-05
-1.01597e-05
3.48179e-05
4.04071e-05
-1.90579e-05
-6.66598e-05
-9.58047e-05
7.46846e-05
-4.9747e-05
8.44816e-05
0.000191422
-0.00019023
0.00023239
-0.000139641
-0.00135839
0.00107293
-0.00073164
7.94349e-05
0.000312848
-0.000285556
1.20111e-06
-4.85126e-06
-1.92807e-06
1.1726e-05
1.25399e-05
-5.61052e-06
-2.02103e-05
-4.45676e-05
3.12351e-05
-1.31497e-05
3.14324e-05
0.00011357
-0.000106994
8.68785e-05
-3.50373e-05
2.82102e-06
-0.000318096
0.000358554
-0.000378948
0.000274671
-0.000108186
-0.000296972
0.00102521
-0.00124292
0.00142749
-0.00131705
0.000940131
-0.000390595
3.03912
-5.33261
-3.97329
2.03023
0.803306
-0.261029
-0.0721798
0.0173999
0.00372146
5.52755
-2.47738
3.17799
4.27627
-0.747397
1.03127
0.881251
-1.62695
-1.35118
-1.21432
0.268684
-0.289479
-0.358505
0.324092
0.426397
0.486332
-0.413663
-0.584865
-0.690479
-0.748352
0.0592289
-0.0776466
-0.060662
0.107072
0.0788772
0.063079
-0.149678
-0.109401
-0.0832376
-0.0691799
0.225945
0.167344
0.12669
0.10293
0.090004
-0.0174915
0.0186229
0.0220454
-0.0201482
-0.0243603
-0.0270759
0.0220743
0.0278469
0.0310203
0.0331934
-0.0249564
-0.0332941
-0.0376191
-0.0403748
-0.0420739
0.0318546
0.0451637
0.0520907
0.0567841
0.060271
0.0615712
-0.00365756
0.00452672
0.0038907
-0.00591835
-0.00470598
-0.00401812
0.00780095
0.005986
0.00477416
0.00406998
-0.0102226
-0.00771786
-0.00595307
-0.00479117
-0.00409748
0.0134709
0.0100682
0.00764224
0.00595406
0.00486919
0.00413976
-0.0193321
-0.0142851
-0.0107773
-0.00821072
-0.00654377
-0.00538738
-0.00446766
-3.10924
-0.415465
1.3331
1.02258
-1.85429
2.9478
-0.137221
0.14444
-0.0465048
-0.128465
-0.107007
0.212158
-0.328013
0.46249
-0.680543
0.0215133
-0.0319474
0.0332971
-0.0266248
0.0140951
0.00200006
0.00585938
-0.0126029
0.0207165
-0.0301634
0.0409409
-0.0541231
0.0770219
-0.00123804
0.00201235
-0.00238385
0.0023666
-0.00197777
0.00130788
-0.000520981
-0.000172416
-1.11411
0.14848
0.0157035
-0.00132977
-9.324e-05
5.56518e-06
2.9148e-07
-1.45081e-08
6.3419e-09
4.97306
1.33641
-2.00694
3.51922
-0.845276
0.650387
-0.878197
-0.454856
0.650965
-1.1441
-0.0852327
0.0785768
-0.218574
-0.144222
0.300257
-0.383954
0.283594
-0.567702
0.755341
-0.742673
0.0925966
-0.0714861
0.0789543
0.0530122
-0.0604767
0.0719404
-0.0368698
0.0434675
-0.0524513
0.0756913
0.0247323
-0.0264475
0.0342473
-0.0498943
0.100407
0.00291868
0.000242972
0.0103023
0.000763707
-0.00971088
0.016454
-0.00485224
0.014614
-0.021313
0.0241428
0.0109702
-0.0253109
0.0354593
-0.0411631
0.0374057
-0.021256
0.0439297
-0.0659442
0.0832877
-0.0913512
0.0715429
-0.00650613
0.00495976
-0.0049537
-0.00369002
0.00392351
-0.00379377
0.00291154
-0.00287608
0.00310596
-0.00302474
-0.00229884
0.00240324
-0.00218354
0.00256031
-0.00254665
0.00211352
-0.00193414
0.0020741
-0.00170147
0.00221583
-0.00231692
-0.00219599
0.00230801
-0.00202319
0.00221868
-0.00153384
0.00205587
-0.00228539
0.133141
-0.00553768
0.000184406
-4.93635e-06
1.09781e-07
-2.06934e-09
-2.88272e-10
4.60616e-11
-8.25679e-10
0
0
0
0
0
0
0
0
0
0
0
0
0
0
0
0
0
0
0
0
0
0
0
0
0
0
0
0
0
0
0
0
0
0
0
0
-13.0801
4.66396
-5.85428
-6.11579
2.06799
-2.67764
-2.53759
4.00524
3.67772
3.66313
-0.506048
0.509815
0.499315
-0.519047
-0.556033
-0.530549
0.600828
0.705793
0.726665
0.674275
-0.176719
0.219296
0.199637
-0.286389
-0.241832
-0.230066
0.383367
0.312715
0.286105
0.27906
-0.561807
-0.454489
-0.411522
-0.401175
-0.395416
0.0327492
-0.0324971
-0.030126
0.0315248
0.0304226
0.0280946
-0.0299656
-0.0305368
-0.0297209
-0.0270761
0.0286488
0.0315774
0.0324105
0.0312281
0.0278863
-0.0308733
-0.037539
-0.0407035
-0.0412315
-0.0390509
-0.0343735
0.0100155
-0.0119983
-0.0109718
0.0151642
0.0127156
0.0119155
-0.0194166
-0.0154635
-0.0136465
-0.0130108
0.024868
0.0192479
0.0163816
0.0150671
0.0145514
-0.0322222
-0.0245846
-0.0205352
-0.0185223
-0.0176523
-0.0171182
0.0456955
0.034678
0.0288005
0.0258292
0.0246315
0.0241866
0.0233889
-3.44579e-10
1.66119e-10
-1.78788e-10
1.38773e-10
-5.37859e-11
7.25169e-11
1.55133e-11
1.56082e-11
2.18452e-12
4.01922e-10
-1.23869e-10
-1.3269e-10
1.36288e-10
5.72098e-11
-2.15148e-10
-1.03064e-10
7.10972e-11
-2.73027e-11
4.94719e-10
2.50725e-11
7.36776e-11
-2.05907e-10
-8.97153e-12
-7.89965e-10
-4.88401e-11
6.43325e-11
-6.02336e-11
3.28631e-10
-4.43785e-11
9.99667e-10
-2.77665e-11
2.08777e-11
-1.04841e-10
1.11499e-11
-3.06494e-10
4.81316e-11
-6.50555e-10
-2.12714e-12
2.74834e-11
-1.62918e-12
7.14899e-11
4.43351e-12
1.33817e-10
3.34595e-11
1.64153e-10
0.501014
0.0170763
-0.942148
-0.0067093
-0.0192469
0.398763
-0.000478151
0.00520027
-0.0074932
0.266045
0.000122835
0.000223692
1.59216e-05
0.0119549
-0.166119
9.09641e-06
-0.000189632
0.000132167
-0.00167244
0.00100152
-0.0284112
6.21776e-05
-2.33514e-05
0.00020983
-0.000169655
0.000857354
-0.00278493
0.0251254
3.08554e-06
-5.72977e-05
2.86959e-05
-0.000166059
0.000124047
-0.000430363
0.000542208
-0.000383906
0
7.28046
-4.2649
-6.20341
-1.4747
-1.95729
-2.61379
1.04056
1.03514
1.21087
1.68162
0.125318
0.165714
0.194574
0.221547
0.277322
-0.130132
-0.10947
-0.104755
-0.111966
-0.131106
-0.17678
-0.00570819
-0.00772636
-0.00902623
-0.00997836
-0.0106621
-0.011452
-0.0138549
0.00988412
0.00764526
0.00652398
0.00606877
0.00613571
0.00663229
0.00765713
0.0100114
0.0666645
0.00135526
0.0043736
-0.00841004
7.23215e-06
0.000409319
-0.000288512
-0.0321851
0.0184184
-0.00561384
-1.32138e-05
3.97919e-05
-6.21929e-05
-0.000661512
0.000395109
-0.00019829
0.0101498
-0.0059956
0.00179228
-0.000336979
-7.60224e-06
2.54751e-05
-3.35145e-05
-6.26315e-05
0.000115103
-8.11173e-05
0.000206839
-0.000281088
0.00027714
-0.000191206
0.00285821
-0.00279936
0.00184349
-0.000477776
-0.000190135
-2.30432e-06
9.94472e-06
-1.20945e-05
-2.50894e-05
4.86133e-05
-3.02605e-05
4.66959e-05
-0.000116648
0.000119795
-6.64823e-05
2.47358e-05
0.000134335
-0.000246506
0.000283863
-0.000166407
-0.00177768
0.00153875
-0.000778974
-5.62726e-05
0.000499678
-0.000371713
-3.28888e-07
3.03257e-06
-2.92867e-06
-1.18404e-05
1.7e-05
-8.06928e-06
3.47448e-05
-5.97749e-05
4.75041e-05
-1.8459e-05
-7.9634e-05
0.000155373
-0.000163886
0.00011796
-4.55449e-05
0.000185484
-0.000398521
0.00050314
-0.000490314
0.000343739
-0.000127109
-0.000656094
0.00131365
-0.0017682
0.0019514
-0.00175945
0.00119125
-0.000468599
-3.41099e-16
-4.54589e-17
4.80781e-18
4.07124e-19
-2.85465e-20
-1.70384e-21
8.92401e-23
4.44181e-24
1.94165e-24
0.0225517
0.000471974
0.00968268
-0.0256663
-2.43943e-05
0.000372717
-0.000404519
-0.00117948
-0.00788126
0.00774857
-2.74608e-05
0.000121313
3.16654e-05
-1.3376e-05
-0.000401671
-1.26923e-06
0.000224143
0.000608874
0.000605391
0.00443284
-1.55125e-05
7.49268e-05
6.13233e-06
-3.93853e-06
-0.00019621
3.86882e-05
0.000163583
-9.41998e-05
0.000431405
-9.15061e-05
3.61707e-05
-0.000482366
0.000438201
0.000658655
-0.0020938
-7.5299e-06
3.39927e-05
3.82066e-06
-9.95352e-06
-8.84501e-05
7.06807e-06
7.18464e-05
-3.09371e-05
0.000193241
-2.8416e-05
8.39638e-07
-0.000220666
0.000173795
-0.000380007
9.10437e-07
0.000150635
-0.000119667
0.00056204
-0.000625384
0.000446164
0.00020068
-1.51358e-06
1.00903e-05
-4.83375e-06
-5.13877e-06
-2.93914e-05
2.38782e-05
2.26969e-05
-1.35578e-05
8.43625e-05
-7.20138e-05
-6.37058e-06
-7.05369e-05
8.39399e-05
-0.000218266
0.000190408
4.02975e-05
-4.2758e-05
0.000227091
-0.000330718
0.000619761
-0.000548021
8.39902e-06
-0.000164103
0.000241504
-0.000682687
0.00110601
-0.00203152
0.00205739
0
0
0
0
0
0
0
0
0
0.601109
0.103887
-1.01215
-0.00838797
-0.116916
0.57609
-0.000801878
0.00699466
0.0103734
0.0806826
4.22918e-05
0.000432753
-0.00119081
0.0367262
-0.196713
2.725e-06
-2.1929e-05
8.99426e-05
-0.00119993
-0.00904758
0.0338245
-1.23454e-07
-8.04649e-07
-8.59367e-08
-0.000108292
0.000573063
-0.00468082
0.0226035
-1.32877e-08
-9.61502e-08
5.7975e-07
3.17545e-06
1.04917e-06
4.18133e-05
0.00137197
-0.00608215
-0.0622226
-0.0289283
0.0394747
0.000476101
0.000800887
-0.00217504
0.000160238
-0.000185866
0.00017738
-0.000179968
-1.96278e-06
-3.46288e-06
8.71453e-06
-1.3058e-05
1.87393e-05
-4.85636e-07
5.5036e-07
-4.72464e-07
3.09121e-07
-1.41345e-07
-5.77914e-09
2.58308e-09
7.39734e-09
-2.01293e-08
3.28751e-08
-3.83087e-08
4.78515e-08
-5.29611e-08
3.05064e-09
1.34849e-09
2.93871e-10
3.71894e-10
-5.34286e-09
3.64635e-09
-6.91994e-09
1.45473e-08
0
0
0
0
0
0
0
0
0
0
-7.28046
4.2649
6.20341
1.4747
1.95729
2.61379
-1.04056
-1.03514
-1.21087
-1.68162
-0.125318
-0.165714
-0.194574
-0.221547
-0.277322
0.130132
0.10947
0.104755
0.111966
0.131106
0.17678
0.00570819
0.00772636
0.00902623
0.00997836
0.0106621
0.011452
0.0138549
-0.00988412
-0.00764526
-0.00652398
-0.00606877
-0.00613571
-0.00663229
-0.00765713
-0.0100114
-1.64872
0.43581
-0.0504061
-0.842331
-0.0062051
0.0570408
0.328536
0.000517121
0.00449089
-0.0179031
0.276063
0.000139991
-0.000508351
0.000806812
-0.00935647
-0.145138
7.31246e-05
-0.000226085
0.000430682
-0.0020137
0.00820624
-0.0376099
3.12879e-05
-0.000109509
0.000249875
-0.000423628
0.000849494
-0.000996582
0.0219155
7.02713e-06
-3.46121e-05
0.000102028
-0.000243384
0.000500696
-0.000896814
0.0012201
-0.000520702
0.31831
-1.19366
1.31822
0.228726
-0.466147
-0.0173087
0.065271
0.000706544
-0.00506531
-6.79276
-4.68878
6.4478
1.94791
-2.04572
2.57758
0.919881
-1.05682
1.26094
-1.71199
-0.237499
0.221376
-0.215042
0.224274
-0.275258
-0.0817597
0.0912716
-0.101696
0.114796
-0.1346
0.178765
0.0159327
-0.0143392
0.0129237
-0.0118401
0.0112157
-0.0113665
0.0136865
0.00476832
-0.00522734
0.00561821
-0.00599964
0.00645452
-0.00706525
0.00802109
-0.0102045
-0.0323566
0.000902399
0.000656529
-2.25438e-05
-1.71177e-06
0.000998938
4.82403e-07
-1.41304e-07
-1.93238e-05
9.48349e-06
-9.14322e-09
4.48871e-09
3.47973e-07
-3.12903e-07
-8.59519e-06
4.13578e-10
2.64894e-10
-5.40003e-09
7.01606e-09
1.39234e-07
-2.09927e-07
-2.69999e-10
-2.94874e-10
7.00794e-12
4.3203e-10
-7.32455e-10
5.91774e-09
2.86903e-08
2.90419e-10
2.68898e-10
-2.63898e-10
-8.3499e-10
-1.70216e-09
-1.75541e-09
-2.6685e-09
-6.90869e-09
-2.05271
-2.54663
1.65813
1.15967
-0.254571
-0.161964
0.0164168
0.0121618
-0.000432853
-2.47307
-1.78232
0.999928
1.50937
-0.113486
-0.312866
0.00625139
0.0334136
-0.000151522
0.152259
0.00339087
0.0040705
-0.00100982
0.00146456
-0.00189625
-1.65776e-05
-2.29161e-05
7.49674e-05
-0.000140668
3.89868e-06
-5.12878e-06
5.20614e-06
-4.40092e-06
3.69503e-06
4.72581e-08
7.16949e-08
-2.18345e-07
3.5757e-07
-4.8008e-07
6.59967e-07
-7.88198e-09
1.14414e-08
-1.12025e-08
6.93167e-09
-2.5406e-09
-4.53754e-09
8.65211e-09
-6.05953e-10
-1.20489e-09
3.11243e-10
7.72928e-11
1.18034e-09
1.83796e-10
4.4619e-10
-1.17451e-09
5.88506
2.8219
-4.15691
5.28522
-1.29908
0.639725
-1.24262
0.0585213
0.379628
-1.51272
-0.210957
0.275427
-0.357048
-0.357263
0.555144
-0.546645
0.481766
-0.852156
1.11736
-0.96612
0.164791
-0.103512
0.130403
0.0503136
-0.0700004
0.12386
0.00367638
0.00272418
-0.0582064
0.13916
-0.0654158
0.0864983
-0.0478413
-0.0565298
0.18038
0.00873716
-0.0111435
0.015069
0.0147576
-0.0218531
0.0217723
-0.0186173
0.0305031
-0.0365732
0.0307683
0.0221738
-0.0407693
0.0557805
-0.0617001
0.0461776
-0.0285888
0.0565077
-0.085889
0.110491
-0.121273
0.0870013
-0.0126264
0.00858109
-0.00907694
-0.00562433
0.00573689
-0.00733984
0.0031572
-0.00286568
0.00445142
-0.00681494
-0.000682118
-2.00376e-06
-0.00120932
0.00421212
-0.00727922
-0.00173897
0.00344215
-0.00274705
7.3352e-05
0.00481878
-0.0086913
0.00474049
-0.00778696
0.00859959
-0.0066639
0.0022889
0.00592616
-0.0115968
0.225248
-0.11609
-0.478883
0.00399408
0.131334
0.128341
0.000820458
-0.0037423
-0.0280043
0.239841
3.00368e-05
-0.000518461
0.00155179
-0.029932
-0.0803294
2.17453e-05
-0.000111703
6.48975e-05
-7.1733e-05
0.0136437
-0.0452987
4.97407e-05
-4.88665e-05
0.000160735
-6.95881e-05
-2.12016e-05
0.00170037
0.0156144
8.34643e-06
-4.38597e-05
5.04772e-05
-0.000131322
0.000166033
-0.000319756
-0.00102951
0.00299924
-1.05209
1.32724
-0.799099
-0.0286103
0.11291
-0.0691469
-0.40434
0.298426
-0.191647
0.0940877
0.0346331
-0.0525804
0.0491753
-0.035016
0.0176448
0.0522958
-0.0388946
0.0275031
-0.0184331
0.0108606
-0.00478822
-0.00416901
0.00624473
-0.00629081
0.00551168
-0.00411126
0.00255701
-0.00104885
-0.00418545
0.00302763
-0.0022847
0.00162564
-0.00120108
0.000829268
-0.000567942
0.000347244
-3.28994
1.9004
2.79184
0.809781
1.38482
2.20642
-0.435052
-0.394854
-0.409176
-0.5396
-0.0921191
-0.144526
-0.190636
-0.247524
-0.353956
0.0531172
0.0414206
0.0333134
0.0295465
0.0301982
0.0382419
0.00661658
0.01009
0.0122518
0.0143072
0.0168035
0.0205243
0.0282319
-0.00421115
-0.0031405
-0.00242875
-0.00188861
-0.00156091
-0.00136187
-0.00128947
-0.00136151
0.171162
0.114461
0.00526884
-0.000839295
-7.22828e-05
1.09947e-06
2.82643e-07
4.46147e-09
-1.51362e-09
1.85231
0.610623
-1.36469
-0.656449
1.47286
-2.69396
-0.0415217
0.0538225
-0.0919216
0.191293
0.0796264
-0.169702
0.277102
-0.417439
0.654438
0.00234054
-0.00147598
0.000624238
-0.00146825
0.00454966
-0.0108377
-0.0053266
0.0113312
-0.01821
0.0266635
-0.0371975
0.051121
-0.075424
-0.000423701
0.000470854
-0.000564262
0.000629775
-0.000730211
0.000815621
-0.000853743
0.000806855
0
0
0
0
0
0
0
0
0
13.0801
-4.66396
5.85428
6.11579
-2.06799
2.67764
2.53759
-4.00524
-3.67772
-3.66313
0.506048
-0.509815
-0.499315
0.519047
0.556033
0.530549
-0.600828
-0.705793
-0.726665
-0.674275
0.176719
-0.219296
-0.199637
0.286389
0.241832
0.230066
-0.383367
-0.312715
-0.286105
-0.27906
0.561807
0.454489
0.411522
0.401175
0.395416
-0.0327492
0.0324971
0.030126
-0.0315248
-0.0304226
-0.0280946
0.0299656
0.0305368
0.0297209
0.0270761
-0.0286488
-0.0315774
-0.0324105
-0.0312281
-0.0278863
0.0308733
0.037539
0.0407035
0.0412315
0.0390509
0.0343735
-0.0100155
0.0119983
0.0109718
-0.0151642
-0.0127156
-0.0119155
0.0194166
0.0154635
0.0136465
0.0130108
-0.024868
-0.0192479
-0.0163816
-0.0150671
-0.0145514
0.0322222
0.0245846
0.0205352
0.0185223
0.0176523
0.0171182
-0.0456955
-0.034678
-0.0288005
-0.0258292
-0.0246315
-0.0241866
-0.0233889
5.52755
-2.47738
3.17799
4.27627
-0.747397
1.03127
0.881251
-1.62695
-1.35118
-1.21432
0.268684
-0.289479
-0.358505
0.324092
0.426397
0.486332
-0.413663
-0.584865
-0.690479
-0.748352
0.0592289
-0.0776466
-0.060662
0.107072
0.0788772
0.063079
-0.149678
-0.109401
-0.0832376
-0.0691799
0.225945
0.167344
0.12669
0.10293
0.090004
-0.0174915
0.0186229
0.0220454
-0.0201482
-0.0243603
-0.0270759
0.0220743
0.0278469
0.0310203
0.0331934
-0.0249564
-0.0332941
-0.0376191
-0.0403748
-0.0420739
0.0318546
0.0451637
0.0520907
0.0567841
0.060271
0.0615712
-0.00365756
0.00452672
0.0038907
-0.00591835
-0.00470598
-0.00401812
0.00780095
0.005986
0.00477416
0.00406998
-0.0102226
-0.00771786
-0.00595307
-0.00479117
-0.00409748
0.0134709
0.0100682
0.00764224
0.00595406
0.00486919
0.00413976
-0.0193321
-0.0142851
-0.0107773
-0.00821072
-0.00654377
-0.00538738
-0.00446766
7.16762
4.56356
-6.58701
-2.14754
1.9518
-1.81688
-0.892162
1.20094
-1.69593
2.58531
0.268029
-0.256825
0.231879
-0.194642
0.164492
0.0785253
-0.103796
0.14368
-0.197306
0.269208
-0.395032
-0.0177093
0.0177751
-0.0173994
0.0161402
-0.0138245
0.0107691
-0.00813216
-0.00399285
0.00520043
-0.00717114
0.00985716
-0.0132576
0.0174505
-0.0228866
0.0324733
0
-7.16762
-4.56356
6.58701
2.14754
-1.9518
1.81688
0.892162
-1.20094
1.69593
-2.58531
-0.268029
0.256825
-0.231879
0.194642
-0.164492
-0.0785253
0.103796
-0.14368
0.197306
-0.269208
0.395032
0.0177093
-0.0177751
0.0173994
-0.0161402
0.0138245
-0.0107691
0.00813216
0.00399285
-0.00520043
0.00717114
-0.00985716
0.0132576
-0.0174505
0.0228866
-0.0324733
0.0323566
-0.000902399
-0.000656529
2.25438e-05
1.71177e-06
-0.000998938
-4.82403e-07
1.41304e-07
1.93238e-05
-9.48349e-06
9.14322e-09
-4.48871e-09
-3.47973e-07
3.12903e-07
8.59519e-06
-4.13578e-10
-2.64894e-10
5.40003e-09
-7.01606e-09
-1.39234e-07
2.09927e-07
2.69999e-10
2.94873e-10
-7.00727e-12
-4.3203e-10
7.32454e-10
-5.91774e-09
-2.86903e-08
-2.90419e-10
-2.68897e-10
2.63898e-10
8.3499e-10
1.70216e-09
1.75541e-09
2.6685e-09
6.90869e-09
0
0
0
0
0
0
0
0
0
2.38717
0.542138
-1.32069
-0.825164
1.65022
-2.8149
0.0302502
-0.0360042
-0.0235465
0.157274
0.0962846
-0.191822
0.301229
-0.438417
0.666949
-0.00780589
0.0136654
-0.0154351
0.0126134
-0.00554529
-0.00553482
-0.0064586
0.0128597
-0.0201356
0.0287175
-0.0389877
0.052205
-0.075792
0.000113736
-0.000159052
5.95785e-05
0.000204031
-0.000602117
0.00103919
-0.00131538
0.00117525
-2.63682
-1.67884
2.42323
0.790035
-0.718027
0.668391
0.328208
-0.4418
0.623896
-0.951082
-0.0986025
0.0944808
-0.0853037
0.0716048
-0.0605133
-0.0288878
0.0381843
-0.0528569
0.0725848
-0.0990363
0.145324
0.00651489
-0.00653909
0.00640089
-0.00593763
0.00508574
-0.00396173
0.00299165
0.00146889
-0.00191313
0.00263811
-0.00362625
0.00487718
-0.00641968
0.0084195
-0.0119462
-0.0453846
-0.00131642
0.00669215
-3.36829e-05
0.000137986
0.000821271
-7.32475e-07
2.68883e-06
1.81335e-05
-0.000137019
-1.45728e-08
4.72468e-08
3.55693e-07
-2.38542e-06
-2.26304e-06
-6.53135e-10
1.98252e-09
5.84636e-09
-3.88979e-08
-5.32219e-08
8.22124e-07
-1.00219e-09
4.54874e-10
1.28671e-10
-1.50485e-09
3.76382e-09
1.02032e-08
-8.79093e-09
-4.597e-10
8.11008e-10
4.70556e-10
-3.39377e-09
2.71484e-09
-7.00583e-09
3.7521e-09
-2.41884e-08
-0.221136
-0.0382178
0.372349
0.00308576
0.043011
-0.211932
0.000294994
-0.00257319
-0.00381614
-0.0296815
-1.55583e-05
-0.000159201
0.000438076
-0.0135108
0.0723666
-1.00247e-06
8.06724e-06
-3.3088e-05
0.000441429
0.00332842
-0.0124434
4.54163e-08
2.96014e-07
3.16144e-08
3.98386e-05
-0.000210818
0.00172198
-0.00831536
4.88829e-09
3.53717e-08
-2.13278e-07
-1.16818e-06
-3.85967e-07
-1.53823e-05
-0.00050472
0.0022375
0
0
0
0
0
0
0
0
0
-9.3378e-11
-9.17961e-11
2.06175e-10
-8.09804e-11
2.2472e-10
-4.17306e-10
-8.25515e-11
1.93824e-10
-3.65447e-10
5.37085e-10
-7.34263e-11
1.74556e-10
-2.9522e-10
4.75405e-10
-7.76521e-10
-3.98053e-11
1.51315e-10
-2.20604e-10
3.75755e-10
-5.99011e-10
9.04334e-10
-2.35833e-11
6.62347e-11
-1.38876e-10
2.3954e-10
-3.75713e-10
5.48729e-10
-9.06073e-10
-5.25243e-12
2.57413e-11
-4.48157e-11
6.82305e-11
-1.18861e-10
1.78572e-10
-2.46125e-10
3.55422e-10
0.675744
0.0900576
-0.00952466
-0.000806545
5.65529e-05
3.37545e-06
-1.76792e-07
-8.79958e-09
-3.84656e-09
-4.97306
-1.33641
2.00694
-3.51922
0.845276
-0.650387
0.878197
0.454856
-0.650965
1.1441
0.0852327
-0.0785768
0.218574
0.144222
-0.300257
0.383954
-0.283594
0.567702
-0.755341
0.742673
-0.0925966
0.0714861
-0.0789543
-0.0530122
0.0604767
-0.0719404
0.0368698
-0.0434675
0.0524513
-0.0756913
-0.0247323
0.0264475
-0.0342473
0.0498943
-0.100407
-0.00291868
-0.000242972
-0.0103023
-0.000763708
0.00971088
-0.016454
0.00485224
-0.014614
0.021313
-0.0241428
-0.0109702
0.0253109
-0.0354593
0.0411631
-0.0374057
0.021256
-0.0439297
0.0659442
-0.0832877
0.0913512
-0.0715429
0.00650613
-0.00495976
0.0049537
0.00369002
-0.00392351
0.00379377
-0.00291154
0.00287608
-0.00310596
0.00302474
0.00229884
-0.00240324
0.00218355
-0.00256031
0.00254665
-0.00211352
0.00193414
-0.0020741
0.00170147
-0.00221583
0.00231692
0.00219599
-0.00230801
0.00202319
-0.00221868
0.00153384
-0.00205587
0.00228539
-1
3.10924
0.415465
-1.3331
-1.02258
1.85429
-2.9478
0.137221
-0.14444
0.0465048
0.128465
0.107007
-0.212158
0.328013
-0.46249
0.680543
-0.0215133
0.0319474
-0.0332971
0.0266248
-0.0140951
-0.00200006
-0.00585938
0.0126029
-0.0207165
0.0301634
-0.0409409
0.0541231
-0.0770219
0.00123804
-0.00201235
0.00238385
-0.0023666
0.00197777
-0.00130788
0.000520981
0.000172416
-1.11803
1.96176
1.46169
-0.746881
-0.29552
0.0960272
0.0265535
-0.00640107
-0.00136905
0.409859
-0.0546227
-0.005777
0.000489195
3.43011e-05
-2.04731e-06
-1.0723e-07
5.33722e-09
-2.33306e-09
-0.0462546
0.000909496
-0.00709639
0.00266784
-2.36007e-05
0.000356366
-1.42711e-06
0.0247649
-0.0155927
0.00517102
-9.21706e-06
1.93262e-05
5.2816e-05
-0.000515698
8.94056e-05
4.4533e-05
-0.0054218
0.00498708
-0.0021329
0.000651005
-7.94285e-06
2.16007e-05
2.9126e-05
-3.41157e-05
-9.78543e-05
5.35053e-05
0.000104342
0.000173831
-0.000184726
0.000158091
-0.00323931
0.00256535
-0.00163294
0.000439331
0.000135469
-4.44937e-06
1.52265e-05
1.01598e-05
-3.4818e-05
-4.04072e-05
1.90579e-05
6.66598e-05
9.58047e-05
-7.46846e-05
4.97471e-05
-8.44819e-05
-0.000191422
0.00019023
-0.000232389
0.000139641
0.00135839
-0.00107293
0.00073164
-7.94349e-05
-0.000312848
0.000285556
-1.20111e-06
4.8513e-06
1.92806e-06
-1.1726e-05
-1.25399e-05
5.61047e-06
2.02104e-05
4.45677e-05
-3.12352e-05
1.31497e-05
-3.14323e-05
-0.00011357
0.000106994
-8.68785e-05
3.50373e-05
-2.82089e-06
0.000318096
-0.000358554
0.000378948
-0.000274671
0.000108186
0.000296972
-0.00102521
0.00124292
-0.00142749
0.00131705
-0.000940131
0.000390595
0.0453846
0.00131642
-0.00669215
3.36829e-05
-0.000137986
-0.000821271
7.32475e-07
-2.68883e-06
-1.81335e-05
0.000137019
1.45728e-08
-4.72468e-08
-3.55693e-07
2.38542e-06
2.26304e-06
6.53135e-10
-1.98252e-09
-5.84636e-09
3.88979e-08
5.32219e-08
-8.22124e-07
1.00219e-09
-4.54876e-10
-1.28671e-10
1.50486e-09
-3.76382e-09
-1.02032e-08
8.79093e-09
4.59699e-10
-8.11007e-10
-4.70556e-10
3.39377e-09
-2.71484e-09
7.00583e-09
-3.7521e-09
2.41884e-08
0.0622226
0.0289283
-0.0394747
-0.000476101
-0.000800887
0.00217504
-0.000160238
0.000185866
-0.00017738
0.000179968
1.96278e-06
3.46288e-06
-8.71453e-06
1.3058e-05
-1.87393e-05
4.85636e-07
-5.5036e-07
4.72464e-07
-3.09121e-07
1.41345e-07
5.77914e-09
-2.58308e-09
-7.39734e-09
2.01293e-08
-3.28751e-08
3.83087e-08
-4.78515e-08
5.29611e-08
-3.05064e-09
-1.34849e-09
-2.93872e-10
-3.71893e-10
5.34285e-09
-3.64635e-09
6.91994e-09
-1.45473e-08
-0.0840139
-0.027553
0.0830561
0.0212515
0.000155759
0.0136248
-0.00347516
0.0136112
-0.0213866
0.0103222
5.70677e-05
6.77682e-05
-7.73823e-05
0.00828761
-0.00179158
0.000236985
-0.0486012
0.0121081
-0.0022486
0.000211516
-2.61707e-05
5.63015e-05
2.7798e-05
-0.000294624
-5.78071e-06
-4.13015e-05
-0.00471359
0.00231569
-0.00060878
0.000122426
0.0134466
-0.00331056
-0.00131255
0.00137167
-0.000557645
-1.27886e-05
4.26014e-05
1.13737e-05
-0.000117509
-3.2762e-05
-1.18807e-05
0.000269563
6.69369e-05
3.70762e-05
9.95567e-06
-0.00130199
5.89983e-05
-8.17026e-05
-3.23404e-05
-3.24729e-05
0.006901
-0.00220077
0.00121073
-0.000526393
0.000397329
-9.52604e-05
-3.19965e-06
1.38854e-05
2.217e-06
-3.65276e-05
-9.975e-06
-2.27391e-06
8.36101e-05
2.46712e-05
9.89977e-06
3.2082e-06
-0.000137107
-7.23322e-05
-8.32034e-06
-2.05654e-05
-3.2692e-06
0.000879706
-0.000187303
0.000151057
-9.03843e-06
5.03603e-05
-1.87036e-05
-0.00268229
0.000549301
-5.40876e-05
-0.000304497
0.000115246
-7.10074e-05
3.23947e-05
-0.0807543
-0.00335877
-0.000111848
-2.99405e-06
-6.65853e-08
-1.25512e-09
1.74845e-10
2.79373e-11
5.008e-10
1.05209
-1.32724
0.799099
0.0286103
-0.11291
0.0691469
0.40434
-0.298426
0.191647
-0.0940877
-0.0346331
0.0525804
-0.0491753
0.035016
-0.0176448
-0.0522958
0.0388946
-0.0275031
0.0184331
-0.0108606
0.00478822
0.00416901
-0.00624473
0.00629081
-0.00551168
0.00411126
-0.00255701
0.00104885
0.00418545
-0.00302763
0.0022847
-0.00162564
0.00120108
-0.000829268
0.000567942
-0.000347244
-1.84315
-3.23403
2.41052
1.23223
-0.486169
-0.157072
0.0451116
0.0117766
-0.00137611
0
0
0
0
0
0
0
0
0
0
-7.28046
4.2649
6.20341
1.4747
1.95729
2.61379
-1.04056
-1.03514
-1.21087
-1.68162
-0.125318
-0.165714
-0.194574
-0.221547
-0.277322
0.130132
0.10947
0.104755
0.111966
0.131106
0.17678
0.00570819
0.00772636
0.00902623
0.00997836
0.0106621
0.011452
0.0138549
-0.00988412
-0.00764526
-0.00652398
-0.00606877
-0.00613571
-0.00663229
-0.00765713
-0.0100114
-0.0666645
-0.00135526
-0.0043736
0.00841004
-7.23212e-06
-0.000409319
0.000288512
0.0321851
-0.0184184
0.00561384
1.32138e-05
-3.9792e-05
6.21929e-05
0.000661512
-0.000395109
0.00019829
-0.0101498
0.0059956
-0.00179228
0.00033698
7.60225e-06
-2.54751e-05
3.35145e-05
6.26316e-05
-0.000115103
8.11173e-05
-0.000206839
0.000281088
-0.00027714
0.000191206
-0.00285821
0.00279936
-0.00184349
0.000477776
0.000190135
2.30434e-06
-9.94473e-06
1.20945e-05
2.50893e-05
-4.86133e-05
3.02605e-05
-4.66961e-05
0.000116648
-0.000119795
6.64824e-05
-2.4736e-05
-0.000134335
0.000246506
-0.000283863
0.000166407
0.00177768
-0.00153875
0.000778973
5.62726e-05
-0.000499678
0.000371713
3.28866e-07
-3.03255e-06
2.92865e-06
1.18405e-05
-1.7e-05
8.06923e-06
-3.47447e-05
5.9775e-05
-4.75041e-05
1.8459e-05
7.96341e-05
-0.000155373
0.000163886
-0.00011796
4.55449e-05
-0.000185484
0.000398521
-0.00050314
0.000490313
-0.000343739
0.000127108
0.000656095
-0.00131365
0.0017682
-0.0019514
0.00175945
-0.00119125
0.000468599
0.865256
-3.24471
3.58328
0.621742
-1.26712
-0.04705
0.177425
0.00192059
-0.0137689
0.221136
0.0382178
-0.372349
-0.00308576
-0.043011
0.211932
-0.000294994
0.00257319
0.00381614
0.0296815
1.55583e-05
0.000159201
-0.000438076
0.0135108
-0.0723666
1.00247e-06
-8.06724e-06
3.3088e-05
-0.000441429
-0.00332842
0.0124434
-4.54163e-08
-2.96014e-07
-3.16144e-08
-3.98386e-05
0.000210818
-0.00172198
0.00831536
-4.88829e-09
-3.53717e-08
2.13278e-07
1.16818e-06
3.85967e-07
1.53823e-05
0.00050472
-0.0022375
13.0801
-4.66396
5.85428
6.11579
-2.06799
2.67764
2.53759
-4.00524
-3.67772
-3.66313
0.506048
-0.509815
-0.499315
0.519047
0.556033
0.530549
-0.600828
-0.705793
-0.726665
-0.674275
0.176719
-0.219296
-0.199637
0.286389
0.241832
0.230066
-0.383367
-0.312715
-0.286105
-0.27906
0.561807
0.454489
0.411522
0.401175
0.395416
-0.0327492
0.0324971
0.030126
-0.0315248
-0.0304226
-0.0280946
0.0299656
0.0305368
0.0297209
0.0270761
-0.0286488
-0.0315774
-0.0324105
-0.0312281
-0.0278863
0.0308733
0.037539
0.0407035
0.0412315
0.0390509
0.0343735
-0.0100155
0.0119983
0.0109718
-0.0151642
-0.0127156
-0.0119155
0.0194166
0.0154635
0.0136465
0.0130108
-0.024868
-0.0192479
-0.0163816
-0.0150671
-0.0145514
0.0322222
0.0245846
0.0205352
0.0185223
0.0176523
0.0171182
-0.0456955
-0.034678
-0.0288005
-0.0258292
-0.0246315
-0.0241866
-0.0233889
-1.47888
-4.26633
3.49806
1.22164
-0.794005
-0.116171
0.0766038
0.00553908
-0.00404647
-1.71755
2.33329
-0.955875
0.291222
-0.256056
0.161357
-0.869278
0.577398
-0.339487
0.150358
-0.0111898
0.012693
-0.0179376
0.0175939
-0.0104603
0.122223
-0.0877602
0.0622391
-0.041467
0.0240574
-0.0104473
0.000123716
-0.00012303
0.000788485
-0.00129244
0.00149821
-0.00126551
0.000799548
-0.00965306
0.00695725
-0.00524427
0.00389671
-0.00284803
0.00193518
-0.00119184
0.000609328
1.33074
-0.0209973
-0.0191766
0.00125724
6.86048e-05
-8.41778e-06
4.26131e-08
2.09172e-08
-8.86567e-09
-5.88506
-2.8219
4.15691
-5.28522
1.29908
-0.639725
1.24262
-0.0585213
-0.379628
1.51272
0.210957
-0.275427
0.357048
0.357263
-0.555144
0.546645
-0.481766
0.852156
-1.11736
0.96612
-0.164791
0.103512
-0.130403
-0.0503136
0.0700004
-0.12386
-0.00367638
-0.00272418
0.0582064
-0.13916
0.0654158
-0.0864983
0.0478413
0.0565298
-0.180379
-0.00873716
0.0111435
-0.015069
-0.0147576
0.0218531
-0.0217723
0.0186173
-0.0305031
0.0365732
-0.0307683
-0.0221738
0.0407693
-0.0557805
0.0617001
-0.0461776
0.0285888
-0.0565077
0.085889
-0.110491
0.121273
-0.0870013
0.0126264
-0.00858109
0.00907694
0.00562433
-0.00573689
0.00733984
-0.0031572
0.00286568
-0.00445142
0.00681494
0.000682119
2.00417e-06
0.00120932
-0.00421212
0.00727922
0.00173897
-0.00344215
0.00274705
-7.33517e-05
-0.00481878
0.0086913
-0.00474049
0.00778696
-0.00859959
0.0066639
-0.0022889
-0.00592616
0.0115968
0.0840139
0.027553
-0.0830561
-0.0212515
-0.000155758
-0.0136248
0.00347516
-0.0136112
0.0213866
-0.0103222
-5.70674e-05
-6.77685e-05
7.73815e-05
-0.00828761
0.00179158
-0.000236983
0.0486012
-0.0121081
0.0022486
-0.000211519
2.6171e-05
-5.63017e-05
-2.77986e-05
0.000294624
5.78145e-06
4.13027e-05
0.00471359
-0.0023157
0.000608778
-0.000122428
-0.0134466
0.00331056
0.00131255
-0.00137166
0.000557649
1.27887e-05
-4.26015e-05
-1.13741e-05
0.000117509
3.27623e-05
1.18813e-05
-0.000269563
-6.69374e-05
-3.70769e-05
-9.9569e-06
0.00130199
-5.89976e-05
8.17036e-05
3.2342e-05
3.24751e-05
-0.006901
0.00220077
-0.00121073
0.000526391
-0.000397332
9.52566e-05
3.19968e-06
-1.38854e-05
-2.21712e-06
3.65277e-05
9.97521e-06
2.27414e-06
-8.36101e-05
-2.46714e-05
-9.89999e-06
-3.20865e-06
0.000137107
7.23324e-05
8.32067e-06
2.0566e-05
3.26997e-06
-0.000879706
0.000187303
-0.000151057
9.03765e-06
-5.03613e-05
1.87025e-05
0.00268229
-0.000549301
5.40882e-05
0.000304498
-0.000115245
7.10093e-05
-3.23928e-05
0
0
0
0
0
0
0
0
0
2.61284e-11
1.09624e-11
4.97652e-11
-6.62403e-12
9.26575e-11
-2.42087e-10
-2.01887e-11
1.1417e-10
-1.77628e-10
2.26242e-10
-1.60678e-11
1.15747e-10
-1.93291e-10
2.54033e-10
-5.51924e-10
-6.52405e-12
8.9136e-11
-1.40795e-10
2.5215e-10
-3.83572e-10
5.71696e-10
-5.32018e-12
4.55374e-11
-9.62529e-11
1.37499e-10
-2.44776e-10
2.50684e-10
-4.62012e-10
-2.90167e-13
1.23826e-11
-2.49605e-11
6.23115e-11
-5.53365e-11
9.47539e-11
-7.90444e-11
9.64909e-11
0
0
0
0
0
0
0
0
0
0.152259
0.00339087
0.0040705
-0.00100982
0.00146456
-0.00189625
-1.65776e-05
-2.29161e-05
7.49674e-05
-0.000140668
3.89868e-06
-5.12878e-06
5.20614e-06
-4.40092e-06
3.69503e-06
4.72581e-08
7.16949e-08
-2.18345e-07
3.5757e-07
-4.8008e-07
6.59967e-07
-7.88198e-09
1.14414e-08
-1.12025e-08
6.93167e-09
-2.5406e-09
-4.53754e-09
8.65211e-09
-6.05953e-10
-1.2049e-09
3.11243e-10
7.72925e-11
1.18034e-09
1.83795e-10
4.46191e-10
-1.17451e-09
-2.71828
-3.03912
5.33261
3.97329
-2.03023
-0.803306
0.261029
0.0721798
-0.0173999
-0.00372146
-7.16762
-4.56356
6.58701
2.14754
-1.9518
1.81688
0.892162
-1.20094
1.69593
-2.58531
-0.268029
0.256825
-0.231879
0.194642
-0.164492
-0.0785253
0.103796
-0.14368
0.197306
-0.269208
0.395032
0.0177093
-0.0177751
0.0173994
-0.0161402
0.0138245
-0.0107691
0.00813216
0.00399285
-0.00520043
0.00717114
-0.00985716
0.0132576
-0.0174505
0.0228866
-0.0324733
1.11411
-0.14848
-0.0157035
0.00132977
9.324e-05
-5.56518e-06
-2.9148e-07
1.45081e-08
-6.3419e-09
-0.133141
0.00553768
-0.000184406
4.93635e-06
-1.09781e-07
2.06934e-09
2.88272e-10
-4.60616e-11
8.25679e-10
1.71755
-2.33329
0.955875
-0.291222
0.256056
-0.161357
0.869278
-0.577398
0.339487
-0.150358
0.0111898
-0.012693
0.0179376
-0.0175939
0.0104603
-0.122223
0.0877602
-0.0622391
0.041467
-0.0240574
0.0104473
-0.000123716
0.00012303
-0.000788485
0.00129244
-0.00149821
0.00126551
-0.000799549
0.00965306
-0.00695725
0.00524427
-0.00389671
0.00284803
-0.00193518
0.00119184
-0.000609327
-0.601109
-0.103887
1.01215
0.00838797
0.116916
-0.57609
0.000801878
-0.00699466
-0.0103734
-0.0806826
-4.22918e-05
-0.000432753
0.00119081
-0.0367262
0.196713
-2.725e-06
2.1929e-05
-8.99426e-05
0.00119993
0.00904758
-0.0338245
1.23454e-07
8.04649e-07
8.59367e-08
0.000108292
-0.000573063
0.00468082
-0.0226035
1.32877e-08
9.61502e-08
-5.7975e-07
-3.17545e-06
-1.04917e-06
-4.18133e-05
-0.00137197
0.00608215
0
0
0
0
0
0
0
0
0
-0.00582458
-0.0375008
-0.0401571
0.057781
-0.00112272
0.0100711
0.00117218
0.136118
-0.0553897
0.00722818
5.20926e-05
0.00111969
-0.000193995
0.0211567
-0.00644424
0.000953622
-0.102581
0.0135853
0.00559007
-0.00273956
-2.69773e-05
0.000106162
-1.82857e-05
-0.000692638
9.34325e-05
-4.47675e-05
-0.00674157
0.00211892
-0.000267002
-3.3626e-05
0.00648309
0.00718545
-0.00633994
0.00271789
-0.000655599
-1.50722e-05
5.08e-05
-3.26406e-06
-0.00016608
2.56135e-05
-2.40184e-05
0.000299332
-8.30781e-06
7.05491e-05
-1.79055e-05
-0.00378436
0.00150327
-0.00074618
0.000257609
-8.70093e-05
0.0195275
-0.00709438
0.00208031
-0.000237886
4.61766e-05
-1.07532e-05
-3.62899e-06
1.82007e-05
-1.95266e-06
-5.33829e-05
9.98734e-06
-5.9765e-06
0.000134085
-3.743e-05
3.4693e-05
-6.97044e-06
-0.000218513
8.1121e-05
-0.000103462
3.77136e-05
-1.41511e-05
0.00165586
-0.00072502
0.000460919
-0.000213201
0.00012581
-4.09264e-05
-0.00442237
0.00114619
-0.000411829
0.000158962
-0.000238039
0.000151419
-2.54469e-05
1.22465e-16
-1.85231
-0.610623
1.36469
0.656449
-1.47286
2.69396
0.0415217
-0.0538225
0.0919216
-0.191293
-0.0796264
0.169702
-0.277102
0.417439
-0.654438
-0.00234054
0.00147598
-0.000624237
0.00146825
-0.00454966
0.0108377
0.0053266
-0.0113312
0.01821
-0.0266635
0.0371975
-0.051121
0.075424
0.000423701
-0.000470854
0.000564262
-0.000629776
0.000730211
-0.000815621
0.000853743
-0.000806855
6.18171e-32
-0.31831
1.19366
-1.31822
-0.228726
0.466147
0.0173087
-0.065271
-0.000706544
0.00506531
-2.38717
-0.542138
1.32069
0.825164
-1.65022
2.8149
-0.0302502
0.0360042
0.0235465
-0.157274
-0.0962846
0.191822
-0.301229
0.438417
-0.666949
0.00780589
-0.0136654
0.0154351
-0.0126134
0.00554529
0.00553482
0.0064586
-0.0128597
0.0201356
-0.0287175
0.0389877
-0.052205
0.075792
-0.000113736
0.000159052
-5.95785e-05
-0.000204031
0.000602117
-0.00103919
0.00131538
-0.00117525
0.0622226
0.0289283
-0.0394747
-0.000476101
-0.000800887
0.00217504
-0.000160238
0.000185866
-0.00017738
0.000179968
1.96278e-06
3.46288e-06
-8.71453e-06
1.3058e-05
-1.87393e-05
4.85636e-07
-5.5036e-07
4.72464e-07
-3.09121e-07
1.41345e-07
5.77914e-09
-2.58308e-09
-7.39734e-09
2.01293e-08
-3.28751e-08
3.83087e-08
-4.78515e-08
5.29611e-08
-3.05064e-09
-1.34849e-09
-2.93871e-10
-3.71894e-10
5.34286e-09
-3.64635e-09
6.91994e-09
-1.45473e-08
-1.46203e-16
9.46826e-17
3.31163e-16
-8.45198e-17
-1.50746e-16
-5.25185e-16
-4.91336e-18
3.96402e-17
1.59182e-16
7.11311e-16
2.56853e-16
1.9803e-16
8.77268e-17
-1.61137e-16
-8.67572e-16
1.27532e-16
-6.18142e-16
-4.39332e-16
-1.96995e-16
2.1071e-16
9.81477e-16
-4.42738e-16
-2.01408e-16
8.63725e-16
5.85371e-16
2.17978e-16
-3.27927e-16
-1.04172e-15
-1.11644e-16
8.31703e-16
3.04388e-16
-8.53727e-16
-5.90454e-16
-1.66667e-16
4.76161e-16
1.02119e-15
2.00386e-11
-1.29581e-10
7.64351e-11
-2.97312e-10
2.04904e-10
-3.96265e-10
3.75987e-10
-3.67705e-10
1.36844e-10
2.47307
1.78232
-0.999928
-1.50937
0.113486
0.312866
-0.00625139
-0.0334136
0.000151522
-3.10924
-0.415465
1.3331
1.02258
-1.85429
2.9478
-0.137221
0.14444
-0.0465048
-0.128465
-0.107007
0.212158
-0.328013
0.46249
-0.680543
0.0215133
-0.0319474
0.0332971
-0.0266248
0.0140951
0.00200006
0.00585938
-0.0126029
0.0207165
-0.0301634
0.0409409
-0.0541231
0.0770219
-0.00123804
0.00201235
-0.00238385
0.0023666
-0.00197777
0.00130788
-0.000520981
-0.000172416
-4.70908e-16
4.16331e-16
-3.58287e-16
3.15612e-17
-4.01846e-16
8.19861e-17
-1.11616e-16
9.55996e-17
2.49746e-16
2.28472e-16
-3.73497e-17
3.05035e-16
6.96858e-17
-3.48381e-16
-1.32488e-16
2.56303e-17
-1.06815e-16
-5.22599e-16
-1.73947e-16
4.06799e-16
1.28023e-16
-4.63651e-17
1.29996e-17
2.10301e-16
6.18353e-16
1.44868e-16
-4.44992e-16
-1.9172e-16
2.11331e-16
1.58218e-16
-1.61738e-17
-1.90286e-16
-5.1236e-16
-3.27158e-17
4.66548e-16
2.45112e-16
0.00582458
0.0375008
0.0401571
-0.057781
0.00112272
-0.0100711
-0.00117218
-0.136118
0.0553897
-0.00722818
-5.20925e-05
-0.00111969
0.000193995
-0.0211567
0.00644424
-0.000953621
0.102581
-0.0135853
-0.00559007
0.00273956
2.69774e-05
-0.000106162
1.82853e-05
0.000692638
-9.3432e-05
4.47682e-05
0.00674157
-0.00211893
0.000267001
3.36248e-05
-0.00648309
-0.00718545
0.00633994
-0.00271788
0.000655601
1.50722e-05
-5.08e-05
3.26376e-06
0.00016608
-2.56132e-05
2.40188e-05
-0.000299332
8.30749e-06
-7.05497e-05
1.79048e-05
0.00378436
-0.00150327
0.000746181
-0.000257608
8.70104e-05
-0.0195275
0.00709438
-0.00208031
0.000237885
-4.61786e-05
1.07512e-05
3.62897e-06
-1.82007e-05
1.95254e-06
5.33828e-05
-9.98723e-06
5.97669e-06
-0.000134085
3.74299e-05
-3.46933e-05
6.97019e-06
0.000218513
-8.11208e-05
0.000103462
-3.77132e-05
1.41516e-05
-0.00165586
0.00072502
-0.00046092
0.000213201
-0.00012581
4.0926e-05
0.00442237
-0.00114619
0.000411829
-0.000158962
0.000238039
-0.000151419
2.54475e-05
-0.171162
-0.114461
-0.00526884
0.000839295
7.22828e-05
-1.09947e-06
-2.82643e-07
-4.46147e-09
1.51362e-09
1.0985e-16
-3.16906e-16
-2.59825e-16
9.07192e-17
5.89911e-17
-8.66029e-18
-5.67483e-18
3.83216e-19
3.05106e-19
0.601109
0.103887
-1.01215
-0.00838797
-0.116916
0.57609
-0.000801878
0.00699466
0.0103734
0.0806826
4.22918e-05
0.000432753
-0.00119081
0.0367262
-0.196713
2.725e-06
-2.1929e-05
8.99426e-05
-0.00119993
-0.00904758
0.0338245
-1.23454e-07
-8.04649e-07
-8.59367e-08
-0.000108292
0.000573063
-0.00468082
0.0226035
-1.32877e-08
-9.61502e-08
5.7975e-07
3.17545e-06
1.04917e-06
4.18133e-05
0.00137197
-0.00608215
2.0191e-16
9.88955e-18
-4.11331e-19
1.36975e-20
-3.66665e-22
8.15435e-24
-1.53708e-25
-2.14124e-26
3.42129e-27
-6.13303e-26
-2.20666e-16
6.15335e-17
5.0791e-16
-9.77412e-17
-7.5636e-17
-8.21759e-16
4.01372e-17
5.54003e-17
4.32621e-17
1.12726e-15
4.56972e-16
1.30902e-16
8.08733e-17
-2.06194e-17
-1.37958e-15
1.9151e-16
-9.93072e-16
-3.77088e-16
-2.07196e-16
7.64782e-17
1.54622e-15
-7.19341e-16
-3.26683e-16
1.34291e-15
5.55142e-16
2.50787e-16
-2.38683e-16
-1.60478e-15
-3.16376e-16
1.30343e-15
4.8896e-16
-1.33793e-15
-6.20578e-16
-2.28884e-16
4.6925e-16
1.52445e-15
0.0462546
-0.000909495
0.00709639
-0.00266784
2.36007e-05
-0.000356366
1.42703e-06
-0.0247649
0.0155927
-0.00517102
9.21708e-06
-1.93263e-05
-5.2816e-05
0.000515698
-8.94055e-05
-4.45329e-05
0.0054218
-0.00498708
0.0021329
-0.000651005
7.94283e-06
-2.16007e-05
-2.9126e-05
3.41158e-05
9.78542e-05
-5.35053e-05
-0.000104341
-0.000173831
0.000184726
-0.000158091
0.00323931
-0.00256535
0.00163294
-0.000439331
-0.00013547
4.4494e-06
-1.52265e-05
-1.01597e-05
3.4818e-05
4.04072e-05
-1.90579e-05
-6.66598e-05
-9.58047e-05
7.46846e-05
-4.97471e-05
8.44818e-05
0.000191422
-0.00019023
0.00023239
-0.000139641
-0.00135839
0.00107293
-0.00073164
7.94349e-05
0.000312848
-0.000285556
1.20111e-06
-4.8513e-06
-1.9281e-06
1.1726e-05
1.25399e-05
-5.6105e-06
-2.02103e-05
-4.45677e-05
3.12351e-05
-1.31497e-05
3.14323e-05
0.00011357
-0.000106994
8.68786e-05
-3.50372e-05
2.82092e-06
-0.000318096
0.000358554
-0.000378948
0.000274671
-0.000108186
-0.000296972
0.00102521
-0.00124292
0.00142749
-0.00131705
0.000940131
-0.000390595
2.25741e-16
-3.96099e-16
-2.9513e-16
1.50803e-16
5.96684e-17
-1.93889e-17
-5.36141e-18
1.29244e-18
2.76425e-19
-0.675744
-0.0900576
0.00952466
0.000806545
-5.65529e-05
-3.37545e-06
1.76792e-07
8.79958e-09
3.84656e-09
-0.409859
0.0546227
0.005777
-0.000489195
-3.43011e-05
2.04731e-06
1.0723e-07
-5.33722e-09
2.33306e-09
-0.0323566
0.000902399
0.000656529
-2.25438e-05
-1.71177e-06
0.000998938
4.82403e-07
-1.41304e-07
-1.93238e-05
9.48349e-06
-9.14322e-09
4.48871e-09
3.47973e-07
-3.12903e-07
-8.59519e-06
4.13578e-10
2.64894e-10
-5.40003e-09
7.01606e-09
1.39234e-07
-2.09927e-07
-2.69999e-10
-2.94873e-10
7.00727e-12
4.3203e-10
-7.32454e-10
5.91774e-09
2.86903e-08
2.90419e-10
2.68897e-10
-2.63898e-10
-8.3499e-10
-1.70216e-09
-1.75541e-09
-2.6685e-09
-6.90869e-09
0.0666645
0.00135526
0.0043736
-0.00841004
7.23211e-06
0.000409319
-0.000288512
-0.0321851
0.0184184
-0.00561384
-1.32138e-05
3.9792e-05
-6.21929e-05
-0.000661512
0.000395109
-0.00019829
0.0101498
-0.0059956
0.00179228
-0.000336979
-7.60224e-06
2.54751e-05
-3.35145e-05
-6.26315e-05
0.000115103
-8.11174e-05
0.000206839
-0.000281088
0.00027714
-0.000191206
0.00285821
-0.00279936
0.00184349
-0.000477776
-0.000190135
-2.30434e-06
9.9447e-06
-1.20945e-05
-2.50893e-05
4.86133e-05
-3.02605e-05
4.6696e-05
-0.000116648
0.000119795
-6.64823e-05
2.47359e-05
0.000134335
-0.000246506
0.000283863
-0.000166407
-0.00177768
0.00153875
-0.000778973
-5.62724e-05
0.000499678
-0.000371713
-3.28881e-07
3.03256e-06
-2.92865e-06
-1.18404e-05
1.7e-05
-8.06927e-06
3.47447e-05
-5.97749e-05
4.75041e-05
-1.8459e-05
-7.9634e-05
0.000155373
-0.000163886
0.00011796
-4.55449e-05
0.000185484
-0.000398521
0.00050314
-0.000490314
0.000343739
-0.000127108
-0.000656095
0.00131365
-0.0017682
0.0019514
-0.00175945
0.00119125
-0.000468599
-3.84165e-10
3.80008e-11
-2.57737e-10
-2.97952e-10
-9.22622e-11
-3.68452e-10
8.17481e-11
-1.71443e-10
1.38302e-11
3.7494e-32
-1.25483e-16
-1.67234e-17
1.7687e-18
1.49773e-19
-1.05017e-20
-6.26809e-22
3.28296e-23
1.63405e-24
7.14292e-25
-9.29017e-16
8.76852e-16
-4.37437e-16
1.10163e-16
-1.0405e-15
2.08237e-16
-2.87405e-16
1.58636e-16
7.93875e-16
4.04611e-16
-7.95216e-17
8.16933e-16
1.55053e-16
-9.3393e-16
-3.91054e-16
5.77915e-17
-2.69791e-16
-1.358e-15
-4.04498e-16
1.09065e-15
3.8521e-16
-1.32033e-16
2.47952e-17
5.22956e-16
1.59228e-15
3.56085e-16
-1.19468e-15
-5.13583e-16
5.79703e-16
4.11331e-16
-2.2976e-17
-4.7651e-16
-1.34709e-15
-1.01681e-16
1.21944e-15
6.41121e-16
4.70908e-16
-4.16331e-16
3.58287e-16
-3.15612e-17
4.01846e-16
-8.19861e-17
1.11616e-16
-9.55996e-17
-2.49746e-16
-2.28472e-16
3.73497e-17
-3.05035e-16
-6.96858e-17
3.48381e-16
1.32488e-16
-2.56303e-17
1.06815e-16
5.22599e-16
1.73947e-16
-4.06799e-16
-1.28023e-16
4.63651e-17
-1.29996e-17
-2.10301e-16
-6.18353e-16
-1.44868e-16
4.44992e-16
1.9172e-16
-2.11331e-16
-1.58218e-16
1.61738e-17
1.90286e-16
5.1236e-16
3.27158e-17
-4.66548e-16
-2.45112e-16
1.36919e-16
2.40246e-16
-1.79006e-16
-9.14665e-17
3.61907e-17
1.17599e-17
-3.25186e-18
-7.83905e-19
1.6766e-19
-0.0453846
-0.00131642
0.00669215
-3.36829e-05
0.000137986
0.000821271
-7.32475e-07
2.68883e-06
1.81335e-05
-0.000137019
-1.45728e-08
4.72468e-08
3.55693e-07
-2.38542e-06
-2.26304e-06
-6.53135e-10
1.98252e-09
5.84636e-09
-3.88979e-08
-5.32219e-08
8.22124e-07
-1.00219e-09
4.54876e-10
1.28671e-10
-1.50486e-09
3.76382e-09
1.02032e-08
-8.79093e-09
-4.59699e-10
8.11007e-10
4.70556e-10
-3.39377e-09
2.71484e-09
-7.00583e-09
3.7521e-09
-2.41884e-08
3.0278e-33
1.25934e-34
4.19364e-36
1.12259e-37
2.49655e-39
4.70594e-41
-6.55565e-42
-1.04748e-42
-1.8777e-41
3.32894e-16
-0.865256
3.24471
-3.58328
-0.621742
1.26712
0.04705
-0.177425
-0.00192059
0.0137689
-3.41661e-11
-4.1615e-11
-2.40583e-11
-2.17744e-10
3.8049e-11
-3.1356e-10
2.22328e-10
-1.94982e-10
4.06415e-11
-1.33074
0.0209973
0.0191766
-0.00125724
-6.86048e-05
8.41778e-06
-4.26131e-08
-2.09172e-08
8.86567e-09
1.46203e-16
-9.46826e-17
-3.31163e-16
8.45198e-17
1.50746e-16
5.25185e-16
4.91336e-18
-3.96402e-17
-1.59182e-16
-7.11311e-16
-2.56853e-16
-1.9803e-16
-8.77268e-17
1.61137e-16
8.67572e-16
-1.27532e-16
6.18142e-16
4.39332e-16
1.96995e-16
-2.1071e-16
-9.81477e-16
4.42738e-16
2.01408e-16
-8.63725e-16
-5.85371e-16
-2.17978e-16
3.27927e-16
1.04172e-15
1.11644e-16
-8.31703e-16
-3.04388e-16
8.53727e-16
5.90454e-16
1.66667e-16
-4.76161e-16
-1.02119e-15
4.14465e-16
-5.14221e-16
-3.34782e-16
2.3407e-16
5.14267e-17
-3.28303e-17
-3.28382e-18
2.30962e-18
1.00903e-19
9.29017e-16
-8.76852e-16
4.37437e-16
-1.10163e-16
1.0405e-15
-2.08237e-16
2.87405e-16
-1.58636e-16
-7.93875e-16
-4.04611e-16
7.95216e-17
-8.16933e-16
-1.55053e-16
9.3393e-16
3.91054e-16
-5.77915e-17
2.69791e-16
1.358e-15
4.04498e-16
-1.09065e-15
-3.8521e-16
1.32033e-16
-2.47952e-17
-5.22956e-16
-1.59228e-15
-3.56085e-16
1.19468e-15
5.13583e-16
-5.79703e-16
-4.11331e-16
2.2976e-17
4.7651e-16
1.34709e-15
1.01681e-16
-1.21944e-15
-6.41121e-16
1.63051e-17
6.7817e-19
2.25833e-20
6.04529e-22
1.34442e-23
2.53421e-25
-3.53031e-26
-5.64091e-27
-1.01117e-25
-1.11411
0.14848
0.0157035
-0.00132977
-9.324e-05
5.56518e-06
2.9148e-07
-1.45081e-08
6.3419e-09
1.01919e-31
2.20666e-16
-6.15335e-17
-5.0791e-16
9.77412e-17
7.5636e-17
8.21759e-16
-4.01372e-17
-5.54003e-17
-4.32621e-17
-1.12726e-15
-4.56972e-16
-1.30902e-16
-8.08733e-17
2.06194e-17
1.37958e-15
-1.9151e-16
9.93072e-16
3.77088e-16
2.07196e-16
-7.64782e-17
-1.54622e-15
7.19341e-16
3.26683e-16
-1.34291e-15
-5.55142e-16
-2.50787e-16
2.38683e-16
1.60478e-15
3.16376e-16
-1.30343e-15
-4.8896e-16
1.33793e-15
6.20578e-16
2.28884e-16
-4.6925e-16
-1.52445e-15
-3.41099e-16
-4.54589e-17
4.80781e-18
4.07124e-19
-2.85465e-20
-1.70384e-21
8.92401e-23
4.44181e-24
1.94165e-24
3.72184e-16
6.53057e-16
-4.86588e-16
-2.48632e-16
9.83766e-17
3.19668e-17
-8.83948e-18
-2.13087e-18
4.55748e-19
4.992e-33
-2.0763e-34
6.91414e-36
-1.85084e-37
4.11611e-39
-7.75879e-41
-1.08085e-41
1.72702e-42
-3.0958e-41
-1.22465e-16
0.31831
-1.19366
1.31822
0.228726
-0.466147
-0.0173087
0.065271
0.000706544
-0.00506531
-2.47307
-1.78232
0.999928
1.50937
-0.113486
-0.312866
0.00625139
0.0334136
-0.000151522
0.171162
0.114461
0.00526884
-0.000839295
-7.22828e-05
1.09947e-06
2.82643e-07
4.46147e-09
-1.51362e-09
-1.0985e-16
3.16906e-16
2.59825e-16
-9.07192e-17
-5.89911e-17
8.66029e-18
5.67483e-18
-3.83216e-19
-3.05106e-19
-2.0191e-16
-9.88955e-18
4.11331e-19
-1.36975e-20
3.66665e-22
-8.15435e-24
1.53708e-25
2.14124e-26
-3.42129e-27
6.13303e-26
-2.25741e-16
3.96099e-16
2.9513e-16
-1.50803e-16
-5.96684e-17
1.93889e-17
5.36141e-18
-1.29244e-18
-2.76425e-19
0.675744
0.0900576
-0.00952466
-0.000806545
5.65529e-05
3.37545e-06
-1.76792e-07
-8.79958e-09
-3.84656e-09
0.409859
-0.0546227
-0.005777
0.000489195
3.43011e-05
-2.04731e-06
-1.0723e-07
5.33722e-09
-2.33306e-09
-1.36919e-16
-2.40246e-16
1.79006e-16
9.14665e-17
-3.61907e-17
-1.17599e-17
3.25186e-18
7.83905e-19
-1.6766e-19
-3.32894e-16
0.865256
-3.24471
3.58328
0.621742
-1.26712
-0.04705
0.177425
0.00192059
-0.0137689
1.33074
-0.0209973
-0.0191766
0.00125724
6.86048e-05
-8.41778e-06
4.26131e-08
2.09172e-08
-8.86567e-09
-4.14465e-16
5.14221e-16
3.34782e-16
-2.3407e-16
-5.14267e-17
3.28303e-17
3.28382e-18
-2.30962e-18
-1.00903e-19
-1.63051e-17
-6.7817e-19
-2.25833e-20
-6.04529e-22
-1.34442e-23
-2.53421e-25
3.53031e-26
5.64091e-27
1.01117e-25
1.11411
-0.14848
-0.0157035
0.00132977
9.324e-05
-5.56518e-06
-2.9148e-07
1.45081e-08
-6.3419e-09
-3.72184e-16
-6.53057e-16
4.86588e-16
2.48632e-16
-9.83766e-17
-3.19668e-17
8.83948e-18
2.13087e-18
-4.55748e-19
